0.0  4.2052391883487535e-28
0.2506265664160401  0.17475774471547956
0.5012531328320802  0.6784729940268676
0.7518796992481203  1.4524378232454136
1.0025062656641603  2.4109930109455453
1.2531328320802004  3.4664265825301683
1.5037593984962405  4.5590639749961195
1.7543859649122806  5.666386632645219
2.0050125313283207  6.785621573851817
2.255639097744361  7.914466385042689
2.506265664160401  9.044832178180929
2.756892230576441  10.163918376468237
3.007518796992481  11.259968298866353
3.2581453634085213  12.333569039175494
3.508771929824561  13.403663697280374
3.7593984962406015  14.494328454044282
4.010025062656641  15.611292343076615
4.260651629072682  16.73706529596742
4.511278195488722  17.851016140073565
4.761904761904762  18.94687305333342
5.012531328320802  20.030098572245436
5.2631578947368425  21.10493643401952
5.513784461152882  22.16603179093847
5.764411027568922  23.20516799733349
6.015037593984962  24.226335760087057
6.265664160401003  25.244187743994562
6.516290726817043  26.26585231721925
6.7669172932330826  27.284744927921146
7.017543859649122  28.29204778285476
7.268170426065163  29.286810309462275
7.518796992481203  30.276119407363996
7.769423558897243  31.267355982375207
8.020050125313283  32.257866503282735
8.270676691729323  33.231382891736686
8.521303258145364  34.16044241881486
8.771929824561404  35.002354426556664
9.022556390977444  35.68881143215688
9.273182957393484  36.130273639404194
9.523809523809524  36.25130096919749
9.774436090225564  36.039713107380365
10.025062656641603  35.56618245136734
10.275689223057643  34.9462011776776
10.526315789473685  34.268668624777845
10.776942355889725  33.5559799037613
11.027568922305765  32.792715894498514
11.278195488721805  31.97954768480999
11.528822055137844  31.141589737757904
11.779448621553884  30.293493974277677
12.030075187969924  29.425676448895437
12.280701754385966  28.52942382159705
12.531328320802006  27.61223919289285
12.781954887218046  26.682812878852978
13.032581453634085  25.739934568932455
13.283208020050125  24.780499992862982
13.533834586466165  23.804865337313885
13.784461152882205  22.814136069478053
14.035087719298245  21.81159578503703
14.285714285714286  20.802837928806095
14.536340852130326  19.78824545911397
14.786967418546366  18.763089414959722
15.037593984962406  17.729350157397743
15.288220551378446  16.69774007102635
15.538847117794486  15.67456235050791
15.789473684210526  14.653692802834055
16.040100250626566  13.622920300846332
16.290726817042607  12.576176866577498
16.541353383458645  11.521485960908752
16.791979949874687  10.476909630958547
17.04260651629073  9.459409058612348
17.293233082706767  8.483444882905221
17.54385964912281  7.57097382879648
17.794486215538846  6.756317286712083
18.045112781954888  6.079631580984698
18.295739348370926  5.578135032248556
18.546365914786968  5.279389103126425
18.796992481203006  5.193032280737309
19.047619047619047  5.304816158811825
19.29824561403509  5.582689042674279
19.548872180451127  5.99119693497072
19.79949874686717  6.4991774060376075
20.050125313283207  7.078880985060163
20.30075187969925  7.707844697100182
20.551378446115287  8.373380467753728
20.80200501253133  9.069638040788362
21.05263157894737  9.790654841889172
21.303258145363408  10.530311516883371
21.55388471177945  11.286976525479409
21.804511278195488  12.06462864441924
22.05513784461153  12.869580872451904
22.305764411027567  13.706014286726642
22.55639097744361  14.572775868989618
22.80701754385965  15.461934394068464
23.05764411027569  16.360254358769946
23.30827067669173  17.25585398407893
23.55889724310777  18.144923366521347
23.80952380952381  19.02981075288464
24.06015037593985  19.91202722105535
24.31077694235589  20.79075506726344
24.56140350877193  21.666155818636923
24.81203007518797  22.539182509957143
25.06265664160401  23.409238772848017
25.31328320802005  24.275544567774833
25.56390977443609  25.137379958357226
25.81453634085213  25.989751971322672
26.06516290726817  26.823911291632633
26.31578947368421  27.633331254796715
26.56641604010025  28.410041627041625
26.817042606516292  29.13167256158946
27.06766917293233  29.76058003448899
27.318295739348372  30.258597202103054
27.56892230576441  30.59664066197723
27.81954887218045  30.755358972914316
28.07017543859649  30.731570132135744
28.32080200501253  30.547676023320573
28.571428571428573  30.25042428159472
28.82205513784461  29.89525786225925
29.072681704260653  29.51953426411406
29.32330827067669  29.124213297504532
29.573934837092732  28.687245047457886
29.82456140350877  28.193902267153234
30.075187969924812  27.650524247762046
30.325814536340854  27.07728158420606
30.576441102756892  26.49362274218695
30.827067669172934  25.905681422950398
31.07769423558897  25.304807948561592
31.328320802005013  24.67950974263232
31.57894736842105  24.026642514884664
31.829573934837093  23.348010684496877
32.08020050125313  22.641108165797316
32.330827067669176  21.902710056079997
32.581453634085214  21.14041995076079
32.83208020050125  20.370050860226154
33.08270676691729  19.599214953599855
33.333333333333336  18.821938746267218
33.583959899749374  18.032615921442694
33.83458646616541  17.236358591241782
34.08521303258146  16.43995676814176
34.335839598997495  15.640462517782696
34.58646616541353  14.83003035856126
34.83709273182957  14.009658831781897
35.08771929824562  13.195327440442645
35.338345864661655  12.412087524605909
35.58897243107769  11.685039797421275
35.83959899749373  11.037026924087503
36.090225563909776  10.490740022158027
36.340852130325814  10.06774849438487
36.59147869674185  9.784542427068596
36.8421052631579  9.648122406257
37.092731829573935  9.652287532145076
37.34335839598997  9.779264850058546
37.59398496240601  10.007147844045251
37.84461152882206  10.314106640098267
38.095238095238095  10.677452950356608
38.34586466165413  11.077582822483748
38.59649122807018  11.505866212337693
38.847117794486216  11.961990227311304
39.097744360902254  12.442624229492486
39.34837092731829  12.940750892630486
39.59899749373434  13.454893720715305
39.849624060150376  13.987773225329363
40.100250626566414  14.537209118438444
40.35087719298246  15.098913593440622
40.6015037593985  15.673420694169106
40.852130325814535  16.260056070079486
41.10275689223057  16.851681209584275
41.35338345864662  17.4444578423443
41.60401002506266  18.04557633464117
41.854636591478695  18.665012766547434
42.10526315789474  19.303945431737148
42.35588972431078  19.954887425412615
42.606516290726816  20.611406498815796
42.857142857142854  21.272971029694975
43.1077694235589  21.939510541852737
43.35839598997494  22.607800163004484
43.609022556390975  23.274657255313976
43.85964912280702  23.937931002164238
44.11027568922306  24.5947046307311
44.3609022556391  25.241157433316005
44.611528822055135  25.87039567528789
44.86215538847118  26.465402575586364
45.11278195488722  26.990647832647397
45.363408521303256  27.393200931687012
45.6140350877193  27.625417222603964
45.86466165413534  27.676174008633986
46.11528822055138  27.577588223391288
46.365914786967416  27.380903342072166
46.61654135338346  27.127848239494952
46.8671679197995  26.839257972960795
47.11779448621554  26.523236326182705
47.36842105263158  26.188004551552503
47.61904761904762  25.840085989853485
47.86967418546366  25.472591405863067
48.1203007518797  25.06708921458198
48.37092731829574  24.61203733509514
48.62155388471178  24.116726956405213
48.87218045112782  23.605690798729952
49.12280701754386  23.09990484541475
49.3734335839599  22.603448299743086
49.62406015037594  22.10560101038215
49.87468671679198  21.59260945712984
50.12531328320802  21.060294847689484
50.37593984962406  20.519187802429293
50.6265664160401  19.984722076992462
50.87719298245614  19.46103662851525
51.12781954887218  18.939166287360976
51.37844611528822  18.41097666150049
51.62907268170426  17.87657688406075
51.8796992481203  17.335446220155582
52.13032581453634  16.77937154563662
52.38095238095238  16.20083605030251
52.63157894736842  15.603735778078903
52.88220551378446  15.001797403000728
53.1328320802005  14.410025826076657
53.38345864661654  13.840094969574842
53.634085213032584  13.303212422889809
53.88471177944862  12.8165428819552
54.13533834586466  12.40404927425389
54.3859649122807  12.089124132489243
54.636591478696744  11.887163183850003
54.88721804511278  11.804091227126676
55.13784461152882  11.839145489911827
55.388471177944865  11.985352887798582
55.6390977443609  12.223642244930973
55.88972431077694  12.521637992551447
56.14035087719298  12.848889293559424
56.390977443609025  13.193273423194384
56.64160401002506  13.557730791180115
56.8922305764411  13.94659762891007
57.142857142857146  14.36003724968803
57.393483709273184  14.794630365045247
57.64411027568922  15.24345178693665
57.89473684210526  15.69886371847104
58.145363408521305  16.158255915974568
58.39598997493734  16.625366670306953
58.64661654135338  17.104837601749672
58.89724310776943  17.597880456325317
59.147869674185465  18.1042501319464
59.3984962406015  18.62298136633169
59.64912280701754  19.14819942067253
59.899749373433586  19.672587416179805
60.150375939849624  20.199154601936314
60.40100250626566  20.737052741589768
60.65162907268171  21.279845816746352
60.902255639097746  21.804438033593893
61.152882205513784  22.301369432218337
61.40350877192982  22.790284482396057
61.65413533834587  23.293777028016553
61.904761904761905  23.809345312076516
62.15538847117794  24.317405974159943
62.40601503759399  24.8033858795191
62.65664160401003  25.261788966959013
62.907268170426065  25.689915198064806
63.1578947368421  26.083682485962093
63.40852130325815  26.42903545450788
63.659147869674186  26.694922451491976
63.909774436090224  26.84329151398346
64.16040100250626  26.848642971986735
64.41102756892231  26.710143387428186
64.66165413533835  26.453608703920004
64.91228070175438  26.123536508231606
65.16290726817043  25.76326051059823
65.41353383458646  25.395087945864095
65.6641604010025  25.020060386828256
65.91478696741855  24.63529278893586
66.16541353383458  24.244880601043945
66.41604010025063  23.855148543710225
66.66666666666667  23.468278494204366
66.9172932330827  23.081167689448158
67.16791979949875  22.686058892630733
67.41854636591479  22.27622374449565
67.66917293233082  21.854083306096612
67.91979949874687  21.42822533204858
68.17042606516291  21.0019714955608
68.42105263157895  20.571680329497376
68.67167919799499  20.13576772698828
68.92230576441102  19.699151034418854
69.17293233082707  19.270155254537194
69.42355889724311  18.857087500713558
69.67418546365914  18.462513597850638
69.92481203007519  18.073750880900533
70.17543859649123  17.663205501260983
70.42606516290726  17.2076617614019
70.67669172932331  16.708150126878753
70.92731829573935  16.185697207254396
71.17794486215539  15.660319588130836
71.42857142857143  15.141571604823127
71.67919799498746  14.636448279610358
71.9298245614035  14.158055742479716
72.18045112781955  13.726806850793123
72.43107769423558  13.366642252075762
72.68170426065163  13.098550954609479
72.93233082706767  12.934962154839837
73.1829573934837  12.878597086701976
73.43358395989975  12.924078568976343
73.6842105263158  13.058955925739106
73.93483709273183  13.265768242468017
74.18546365914787  13.527041892444563
74.43609022556392  13.828829192631018
74.68671679197995  14.161026961271505
74.93734335839599  14.518575443648887
75.18796992481202  14.900633043845701
75.43859649122807  15.303182573705111
75.68922305764411  15.713406883999468
75.93984962406014  16.114990678341858
76.19047619047619  16.498951204870664
76.44110275689223  16.867389601587696
76.69172932330827  17.22568663416031
76.94235588972431  17.57318832475076
77.19298245614036  17.904610967749154
77.44360902255639  18.21889912374056
77.69423558897243  18.522265972542407
77.94486215538848  18.82189099159472
78.19548872180451  19.11945528705084
78.44611528822055  19.412809797610816
78.69674185463658  19.704256097835888
78.94736842105263  20.005860107646704
79.19799498746868  20.3335947322142
79.4486215538847  20.694876326781188
79.69924812030075  21.082160043829234
79.9498746867168  21.47760696672467
80.20050125313283  21.865173981023055
80.45112781954887  22.241836309097348
80.70175438596492  22.615993628005818
80.95238095238095  22.992975902002208
81.203007518797  23.36581870528281
81.45363408521304  23.719444778645304
81.70426065162907  24.031740900503866
81.95488721804512  24.264823444302706
82.20551378446115  24.36980880376588
82.45614035087719  24.31697984188071
82.70676691729324  24.122484765101
82.95739348370927  23.840692503063465
83.20802005012531  23.529523751802117
83.45864661654136  23.221516427093857
83.70927318295739  22.921654984792468
83.95989974937343  22.622574574393454
84.21052631578948  22.316145778715427
84.46115288220551  21.996265760614364
84.71177944862156  21.65955954662394
84.9624060150376  21.306803905424633
85.21303258145363  20.944983133092837
85.46365914786968  20.589065396034574
85.71428571428571  20.25807120899433
85.96491228070175  19.96311934878609
86.2155388471178  19.698968275099737
86.46616541353383  19.451931107698076
86.71679197994987  19.216306284533747
86.96741854636592  18.999237481302874
87.21804511278195  18.81028832677873
87.468671679198  18.650346569666464
87.71929824561404  18.51104335078323
87.96992481203007  18.38305866566765
88.22055137844612  18.264308166566003
88.47117794486215  18.156919105580418
88.7218045112782  18.049320413590735
88.97243107769424  17.90409139225773
89.22305764411027  17.68228225722889
89.47368421052632  17.386528101417962
89.72431077694236  17.060964698928135
89.97493734335839  16.743289596378993
90.22556390977444  16.43865948395826
90.47619047619048  16.143360442188108
90.72681704260651  15.870183670229066
90.97744360902256  15.643529357914824
91.2280701754386  15.484240152128214
91.47869674185463  15.404904131951458
91.72932330827068  15.412090335480105
91.97994987468671  15.506923212572024
92.23057644110276  15.683377744880401
92.4812030075188  15.9286611050273
92.73182957393483  16.227765452720607
92.98245614035088  16.568326323248897
93.23308270676692  16.94200728182534
93.48370927318295  17.343369765342644
93.734335839599  17.7670088206699
93.98496240601504  18.202916691512357
94.23558897243107  18.633411753908977
94.48621553884712  19.036089697741055
94.73684210526316  19.3932740787116
94.9874686716792  19.70059515897548
95.23809523809524  19.964195970182917
95.48872180451127  20.190075822789172
95.73934837092732  20.380930064133196
95.98997493734336  20.540249663295565
96.2406015037594  20.67133778840071
96.49122807017544  20.775614441418885
96.74185463659148  20.858470258303864
96.99248120300751  20.931405082890834
97.24310776942356  21.0040719734119
97.4937343358396  21.080027475799277
97.74436090225564  21.161163872383113
97.99498746867168  21.25033689406496
98.24561403508773  21.34942023400402
98.49624060150376  21.457106749439916
98.7468671679198  21.568169420250786
98.99749373433583  21.676805435328042
99.24812030075188  21.78117643341715
99.49874686716792  21.880044196269672
99.74937343358395  21.965846665137256
100.0  22.0276342388403
