0.0  2.1992848851675257e-27
0.2506265664160401  0.19997765990178382
0.5012531328320802  0.7537966945039687
0.7518796992481203  1.5486432381358806
1.0025062656641603  2.4614393330389994
1.2531328320802004  3.403684176038703
1.5037593984962405  4.333732199195433
1.7543859649122806  5.247101067982344
2.0050125313283207  6.153195257201277
2.255639097744361  7.052112090414562
2.506265664160401  7.934559018688416
2.756892230576441  8.793398706968253
3.007518796992481  9.626288864115004
3.2581453634085213  10.43696408339688
3.508771929824561  11.233488904806759
3.7593984962406015  12.019752737072249
4.010025062656641  12.792127508511062
4.260651629072682  13.54300905250163
4.511278195488722  14.26922953013447
4.761904761904762  14.976672743443286
5.012531328320802  15.669529621404083
5.2631578947368425  16.342326065498874
5.513784461152882  16.989497859641315
5.764411027568922  17.613962239391697
6.015037593984962  18.22021298384997
6.265664160401003  18.803497087188003
6.516290726817043  19.354197242671518
6.7669172932330826  19.87034958951265
7.017543859649122  20.356715141562027
7.268170426065163  20.81785645590628
7.518796992481203  21.25983311797894
7.769423558897243  21.69180628276159
8.020050125313283  22.1216165106341
8.270676691729323  22.55224051974772
8.521303258145364  22.97871565648692
8.771929824561404  23.382104091140143
9.022556390977444  23.729831602230036
9.273182957393484  23.986413082450362
9.523809523809524  24.125437670846196
9.774436090225564  24.143176216118743
10.025062656641603  24.067141937104022
10.275689223057643  23.940353347985575
10.526315789473685  23.791308513728904
10.776942355889725  23.618413324009975
11.027568922305765  23.40185633261156
11.278195488721805  23.13603381116534
11.528822055137844  22.84693668897952
11.779448621553884  22.56779881270537
12.030075187969924  22.308732173531705
12.280701754385966  22.061435144997862
12.531328320802006  21.817250075068973
12.781954887218046  21.56890483334147
13.032581453634085  21.30876083769386
13.283208020050125  21.034705278012936
13.533834586466165  20.75019119086122
13.784461152882205  20.45386659158038
14.035087719298245  20.135860100517476
14.285714285714286  19.79022679084623
14.536340852130326  19.421971572512767
14.786967418546366  19.035329890512926
15.037593984962406  18.629982807541058
15.288220551378446  18.212538477549494
15.538847117794486  17.791821358061913
15.789473684210526  17.36176965382731
16.040100250626566  16.91071396335712
16.290726817042607  16.448143032217473
16.541353383458645  15.99890654815032
16.791979949874687  15.56907849958815
17.04260651629073  15.14151701327171
17.293233082706767  14.706512194783052
17.54385964912281  14.275229077678892
17.794486215538846  13.86419650780622
18.045112781954888  13.486778064800383
18.295739348370926  13.161373542168851
18.546365914786968  12.911278322876205
18.796992481203006  12.750928585619924
19.047619047619047  12.67969520800842
19.29824561403509  12.684440059409901
19.548872180451127  12.737403121870631
19.79949874686717  12.800918886354694
20.050125313283207  12.84880183194918
20.30075187969925  12.880375950596989
20.551378446115287  12.912262114461553
20.80200501253133  12.964218450188369
21.05263157894737  13.047391382239393
21.303258145363408  13.156664808771135
21.55388471177945  13.279883384836648
21.804511278195488  13.41676739733292
22.05513784461153  13.582951567803608
22.305764411027567  13.797629214966756
22.55639097744361  14.067666630618767
22.80701754385965  14.378129570798933
23.05764411027569  14.702821940830376
23.30827067669173  15.028993478463674
23.55889724310777  15.36098246953996
23.80952380952381  15.698665130936938
24.06015037593985  16.032445344767414
24.31077694235589  16.359913817627206
24.56140350877193  16.6868613319871
24.81203007518797  17.01193670764585
25.06265664160401  17.321626336296596
25.31328320802005  17.600707011820845
25.56390977443609  17.846996166658837
25.81453634085213  18.07497339500248
26.06516290726817  18.304835823558857
26.31578947368421  18.55130221810481
26.56641604010025  18.819361237348513
26.817042606516292  19.103306002700812
27.06766917293233  19.386868510122657
27.318295739348372  19.64585433425805
27.56892230576441  19.855409544715805
27.81954887218045  19.997431659930015
28.07017543859649  20.065194883839425
28.32080200501253  20.067050313639527
28.571428571428573  20.02208192283763
28.82205513784461  19.94727754367913
29.072681704260653  19.85270766952602
29.32330827067669  19.747663911316955
29.573934837092732  19.642722752051643
29.82456140350877  19.543422309024166
30.075187969924812  19.445721211979944
30.325814536340854  19.339985523913516
30.576441102756892  19.218622513251287
30.827067669172934  19.077313940809162
31.07769423558897  18.908918967336515
31.328320802005013  18.70219331610151
31.57894736842105  18.45073654545882
31.829573934837093  18.158318934379714
32.08020050125313  17.83171808865235
32.330827067669176  17.47469611947369
32.581453634085214  17.092233331397644
32.83208020050125  16.695668850587815
33.08270676691729  16.304656467036896
33.333333333333336  15.94319443170212
33.583959899749374  15.623770549722838
33.83458646616541  15.339628152963229
34.08521303258146  15.081276277046243
34.335839598997495  14.848553193681125
34.58646616541353  14.641438782025407
34.83709273182957  14.45493069443651
35.08771929824562  14.28822116109214
35.338345864661655  14.146848683199574
35.58897243107769  14.0299495277887
35.83959899749373  13.926125113687323
36.090225563909776  13.827771263323655
36.340852130325814  13.735926046274123
36.59147869674185  13.646517150682206
36.8421052631579  13.548500037335938
37.092731829573935  13.440756580528575
37.34335839598997  13.33447294183569
37.59398496240601  13.234294368415043
37.84461152882206  13.13750240733414
38.095238095238095  13.05620866141228
38.34586466165413  13.018395467614521
38.59649122807018  13.048713548854531
38.847117794486216  13.164971197464864
39.097744360902254  13.377635719541404
39.34837092731829  13.676662389236425
39.59899749373434  14.033800619524156
39.849624060150376  14.42225745836707
40.100250626566414  14.822293447694873
40.35087719298246  15.216765303240475
40.6015037593985  15.597316335712708
40.852130325814535  15.973406253441434
41.10275689223057  16.367322146664247
41.35338345864662  16.791082972758733
41.60401002506266  17.22906814450073
41.854636591478695  17.65663229707507
42.10526315789474  18.064949320912294
42.35588972431078  18.44987362605467
42.606516290726816  18.801400228238233
42.857142857142854  19.125593638144544
43.1077694235589  19.449704933965233
43.35839598997494  19.78889625847673
43.609022556390975  20.129424186768794
43.85964912280702  20.447533703509986
44.11027568922306  20.722468675829624
44.3609022556391  20.934589745562317
44.611528822055135  21.073685092198076
44.86215538847118  21.14945101020734
45.11278195488722  21.18055610017145
45.363408521303256  21.176476144607502
45.6140350877193  21.138766006871922
45.86466165413534  21.06852134551402
46.11528822055138  20.963169186190417
46.365914786967416  20.820693081276644
46.61654135338346  20.649999158149047
46.8671679197995  20.46755796761709
47.11779448621554  20.290534671662293
47.36842105263158  20.13184301512858
47.61904761904762  19.99078232679975
47.86967418546366  19.851788170674418
48.1203007518797  19.694704851470064
48.37092731829574  19.504312703246256
48.62155388471178  19.27413401091228
48.87218045112782  19.008422705997017
49.12280701754386  18.72619387733239
49.3734335839599  18.454916943128687
49.62406015037594  18.208296528836396
49.87468671679198  17.974423976220898
50.12531328320802  17.728902408927922
50.37593984962406  17.455260171957768
50.6265664160401  17.1566423949628
50.87719298245614  16.8522711835327
51.12781954887218  16.558916818337522
51.37844611528822  16.277317866158103
51.62907268170426  15.999877237371194
51.8796992481203  15.722679081017715
52.13032581453634  15.447762199036077
52.38095238095238  15.183755539960416
52.63157894736842  14.94166615299199
52.88220551378446  14.722455397064223
53.1328320802005  14.51122028761837
53.38345864661654  14.288007352177189
53.634085213032584  14.045274472079791
53.88471177944862  13.78975156609974
54.13533834586466  13.530460844436217
54.3859649122807  13.27560323936997
54.636591478696744  13.033698367862758
54.88721804511278  12.809374593061792
55.13784461152882  12.602275544376553
55.388471177944865  12.408416182125864
55.6390977443609  12.223548925379196
55.88972431077694  12.048029363968116
56.14035087719298  11.88439567314825
56.390977443609025  11.73221638437852
56.64160401002506  11.58627162325963
56.8922305764411  11.437984254485185
57.142857142857146  11.285064534155655
57.393483709273184  11.139675004195023
57.64411027568922  11.019001181955602
57.89473684210526  10.928358166810208
58.145363408521305  10.85679870182626
58.39598997493734  10.78522594223583
58.64661654135338  10.696808167980805
58.89724310776943  10.58724037237617
59.147869674185465  10.473375352220904
59.3984962406015  10.392149505608574
59.64912280701754  10.384008196635694
59.899749373433586  10.472103003274894
60.150375939849624  10.658092531744574
60.40100250626566  10.930784103071696
60.65162907268171  11.269650049912782
60.902255639097746  11.647744386012123
61.152882205513784  12.039942191389928
61.40350877192982  12.429418810612573
61.65413533834587  12.810587269052007
61.904761904761905  13.183612969873542
62.15538847117794  13.542412781075633
62.40601503759399  13.877386776641007
62.65664160401003  14.188009846199439
62.907268170426065  14.47398774777695
63.1578947368421  14.719681868799109
63.40852130325815  14.910571181377632
63.659147869674186  15.056904485799862
63.909774436090224  15.184074574483802
64.16040100250626  15.314316494756412
64.41102756892231  15.466176871048587
64.66165413533835  15.653034715944111
64.91228070175438  15.874441888828727
65.16290726817043  16.118962498474808
65.41353383458646  16.379515813619896
65.6641604010025  16.660830739373637
65.91478696741855  16.968575659315846
66.16541353383458  17.29282630311122
66.41604010025063  17.606222599807687
66.66666666666667  17.882366669246572
66.9172932330827  18.11126713133147
67.16791979949875  18.293151375972755
67.41854636591479  18.431708413323214
67.66917293233082  18.540359760544938
67.91979949874687  18.64160351146979
68.17042606516291  18.752800771700414
68.42105263157895  18.873271995815262
68.67167919799499  18.987563958452156
68.92230576441102  19.08277153117727
69.17293233082707  19.155160280817
69.42355889724311  19.203329115050913
69.67418546365914  19.230144281046893
69.92481203007519  19.24594442693314
70.17543859649123  19.25932422082912
70.42606516290726  19.268847276380523
70.67669172932331  19.25985980616531
70.92731829573935  19.207676339728536
71.17794486215539  19.099765487722053
71.42857142857143  18.95412596073608
71.67919799498746  18.80040452917542
71.9298245614035  18.652626727985282
72.18045112781955  18.512567388630824
72.43107769423558  18.38224138622075
72.68170426065163  18.262896291490183
72.93233082706767  18.15668522400934
73.1829573934837  18.069969074231476
73.43358395989975  18.00368000452127
73.6842105263158  17.948323861095112
73.93483709273183  17.892449177420197
74.18546365914787  17.824013747283217
74.43609022556392  17.728825524200353
74.68671679197995  17.59866056923163
74.93734335839599  17.43572118899013
75.18796992481202  17.251765041132842
75.43859649122807  17.067137910025238
75.68922305764411  16.900817752816792
75.93984962406014  16.7606489558181
76.19047619047619  16.647418170320666
76.44110275689223  16.559940622989796
76.69172932330827  16.492225601123838
76.94235588972431  16.433479348455993
77.19298245614036  16.37429714625406
77.44360902255639  16.308455411703253
77.69423558897243  16.231534000538158
77.94486215538848  16.146983194998704
78.19548872180451  16.06696457640492
78.44611528822055  15.995595548283871
78.69674185463658  15.921396228575023
78.94736842105263  15.837284804047231
79.19799498746868  15.754305715211268
79.4486215538847  15.684785958281235
79.69924812030075  15.630142175486387
79.9498746867168  15.595296811710341
80.20050125313283  15.590991970813086
80.45112781954887  15.612240100050883
80.70175438596492  15.635844050241705
80.95238095238095  15.644001450439703
81.203007518797  15.637874752916998
81.45363408521304  15.629345894316007
81.70426065162907  15.630846350925932
81.95488721804512  15.658556544321707
82.20551378446115  15.732611481897212
82.45614035087719  15.856042774636512
82.70676691729324  16.003805400319692
82.95739348370927  16.150816330075855
83.20802005012531  16.296810318916542
83.45864661654136  16.449777061206262
83.70927318295739  16.60395259304396
83.95989974937343  16.74849603542809
84.21052631578948  16.883905142672045
84.46115288220551  17.014518319584216
84.71177944862156  17.131093394513577
84.9624060150376  17.21707678401786
85.21303258145363  17.268255661543943
85.46365914786968  17.292905380770765
85.71428571428571  17.301221357813034
85.96491228070175  17.30259275684462
86.2155388471178  17.304016201635303
86.46616541353383  17.31058421623495
86.71679197994987  17.328842811173743
86.96741854636592  17.360311017224443
87.21804511278195  17.39293286949231
87.468671679198  17.41161906677019
87.71929824561404  17.420913341110943
87.96992481203007  17.450353312624053
88.22055137844612  17.531889498870076
88.47117794486215  17.67060387550431
88.7218045112782  17.8369532704163
88.97243107769424  17.990208211426985
89.22305764411027  18.110454535481576
89.47368421052632  18.203638532962668
89.72431077694236  18.281545292305662
89.97493734335839  18.350708298785488
90.22556390977444  18.417843954609925
90.47619047619048  18.49319426156684
90.72681704260651  18.58738080411215
90.97744360902256  18.703770948190844
91.2280701754386  18.82815625454267
91.47869674185463  18.93485232702646
91.72932330827068  19.009220456933264
91.97994987468671  19.0498628490807
92.23057644110276  19.048074942590652
92.4812030075188  18.98682400683275
92.73182957393483  18.864410218119723
92.98245614035088  18.701301878515572
93.23308270676692  18.5202429741982
93.48370927318295  18.336136349051497
93.734335839599  18.162734921071422
93.98496240601504  18.008236806421362
94.23558897243107  17.867708234996105
94.48621553884712  17.73434380194941
94.73684210526316  17.60864479752797
94.9874686716792  17.485473492143267
95.23809523809524  17.345641729479087
95.48872180451127  17.172514050348312
95.73934837092732  16.964873907771548
95.98997493734336  16.72857520129772
96.2406015037594  16.471110629950026
96.49122807017544  16.20461025730963
96.74185463659148  15.942316473125166
96.99248120300751  15.6897780057985
97.24310776942356  15.43922486300681
97.4937343358396  15.17745044154463
97.74436090225564  14.902510348465961
97.99498746867168  14.627467095699009
98.24561403508773  14.375034674005175
98.49624060150376  14.177638658133613
98.7468671679198  14.071092807335095
98.99749373433583  14.07358920762585
99.24812030075188  14.172269013200289
99.49874686716792  14.338836973418921
99.74937343358395  14.5521755124859
100.0  14.79615341914848
