0.0  3.561441500263142e-28
0.2506265664160401  0.1872384818350858
0.5012531328320802  0.7191307281072681
0.7518796992481203  1.5165178042894754
1.0025062656641603  2.483672914800366
1.2531328320802004  3.543147957216952
1.5037593984962405  4.6413260716889555
1.7543859649122806  5.740188485895075
2.0050125313283207  6.824049991199687
2.255639097744361  7.901129039924361
2.506265664160401  8.981345209504276
2.756892230576441  10.063238068944585
3.007518796992481  11.14722417546795
3.2581453634085213  12.240177253922756
3.508771929824561  13.340953531686297
3.7593984962406015  14.439887272498835
4.010025062656641  15.532609032950056
4.260651629072682  16.619451854255242
4.511278195488722  17.697297470193163
4.761904761904762  18.76424395501633
5.012531328320802  19.825348612907245
5.2631578947368425  20.886185922219543
5.513784461152882  21.946069052716457
5.764411027568922  23.000026249848748
6.015037593984962  24.043437839715345
6.265664160401003  25.074680298760743
6.516290726817043  26.09530377987857
6.7669172932330826  27.1075507695759
7.017543859649122  28.11277011492045
7.268170426065163  29.113612236768777
7.518796992481203  30.114698828995685
7.769423558897243  31.116783813566528
8.020050125313283  32.11104811036804
8.270676691729323  33.080037811687134
8.521303258145364  33.99735861738482
8.771929824561404  34.81841020674082
9.022556390977444  35.472008646139884
9.273182957393484  35.87179950540285
9.523809523809524  35.954762812015126
9.774436090225564  35.726280252122365
10.025062656641603  35.270076805265546
10.275689223057643  34.69997402197797
10.526315789473685  34.087109142266144
10.776942355889725  33.43394876702414
11.027568922305765  32.72120994264429
11.278195488721805  31.961133664857257
11.528822055137844  31.184863379877708
11.779448621553884  30.396764959196247
12.030075187969924  29.576503960278163
12.280701754385966  28.719492304369073
12.531328320802006  27.84257568311193
12.781954887218046  26.954026240860184
13.032581453634085  26.047788940423747
13.283208020050125  25.12341225316773
13.533834586466165  24.18628088152404
13.784461152882205  23.234367089487748
14.035087719298245  22.264478304094403
14.285714285714286  21.28093330088232
14.536340852130326  20.285505649914608
14.786967418546366  19.27497542594343
15.037593984962406  18.254223313212673
15.288220551378446  17.233960891153778
15.538847117794486  16.21666517353262
15.789473684210526  15.198790191857196
16.040100250626566  14.180059509849807
16.290726817042607  13.162171590521856
16.541353383458645  12.146780841720274
16.791979949874687  11.139013504900017
17.04260651629073  10.15044344382228
17.293233082706767  9.202187173169275
17.54385964912281  8.32593095047268
17.794486215538846  7.558274197522805
18.045112781954888  6.935900392234793
18.295739348370926  6.493494518575547
18.546365914786968  6.254592606174796
18.796992481203006  6.220814147080798
19.047619047619047  6.372735373331684
19.29824561403509  6.67764192170939
19.548872180451127  7.096333003489781
19.79949874686717  7.591760559919981
20.050125313283207  8.137547200482752
20.30075187969925  8.72045927212778
20.551378446115287  9.337850861323341
20.80200501253133  9.991086950607576
21.05263157894737  10.677257246218945
21.303258145363408  11.38902189194654
21.55388471177945  12.12148590185933
21.804511278195488  12.87154818024486
22.05513784461153  13.632948499257697
22.305764411027567  14.40099821618632
22.55639097744361  15.177253419825611
22.80701754385965  15.96300049322725
23.05764411027569  16.75625173228728
23.30827067669173  17.557220996223027
23.55889724310777  18.367439436818398
23.80952380952381  19.18559291751054
24.06015037593985  20.010435716132974
24.31077694235589  20.84216622213956
24.56140350877193  21.678949532889845
24.81203007518797  22.518022616625572
25.06265664160401  23.359063060111648
25.31328320802005  24.20289572023261
25.56390977443609  25.049163531550562
25.81453634085213  25.896519997215236
26.06516290726817  26.74213611680554
26.31578947368421  27.576096677007904
26.56641604010025  28.372050460051682
26.817042606516292  29.084376973336777
27.06766917293233  29.66023436131554
27.318295739348372  30.060890052289313
27.56892230576441  30.27585996024002
27.81954887218045  30.31751021340827
28.07017543859649  30.206781896202898
28.32080200501253  29.973629384107294
28.571428571428573  29.665321504023368
28.82205513784461  29.33029482341181
29.072681704260653  28.984407685622937
29.32330827067669  28.60643191135755
29.573934837092732  28.171820834225166
29.82456140350877  27.681205802114974
30.075187969924812  27.15560999602026
30.325814536340854  26.613543461296754
30.576441102756892  26.05513174851944
30.827067669172934  25.466057568258393
31.07769423558897  24.837143363896445
31.328320802005013  24.178562884392008
31.57894736842105  23.51145451005858
31.829573934837093  22.846648889523244
32.08020050125313  22.177314604316773
32.330827067669176  21.493668775776612
32.581453634085214  20.796068449839737
32.83208020050125  20.08862290270879
33.08270676691729  19.370480820159834
33.333333333333336  18.64206923390873
33.583959899749374  17.911319662633094
33.83458646616541  17.183482991986953
34.08521303258146  16.449498344651097
34.335839598997495  15.695245608825395
34.58646616541353  14.921752922745002
34.83709273182957  14.147134007366386
35.08771929824562  13.389621080515854
35.338345864661655  12.65986457743101
35.58897243107769  11.971949346516574
35.83959899749373  11.352688838640901
36.090225563909776  10.836534183301286
36.340852130325814  10.45597328187505
36.59147869674185  10.234255019254782
36.8421052631579  10.176898609181722
37.092731829573935  10.266518540596989
37.34335839598997  10.469140520598142
37.59398496240601  10.747700247606396
37.84461152882206  11.072699296290814
38.095238095238095  11.425708756643493
38.34586466165413  11.797550337049188
38.59649122807018  12.185802589787057
38.847117794486216  12.593635011538545
39.097744360902254  13.027631120331385
39.34837092731829  13.493069564598144
39.59899749373434  13.989254658752436
39.849624060150376  14.50932839820748
40.100250626566414  15.045894924068003
40.35087719298246  15.596710246296702
40.6015037593985  16.16318810167998
40.852130325814535  16.74498778372811
41.10275689223057  17.33857584298883
41.35338345864662  17.93806945627055
41.60401002506266  18.536736727712047
41.854636591478695  19.132566595435023
42.10526315789474  19.73001744941129
42.35588972431078  20.330655815054683
42.606516290726816  20.92811922210134
42.857142857142854  21.51897720607008
43.1077694235589  22.111000673944023
43.35839598997494  22.71333494854453
43.609022556390975  23.324855006415966
43.85964912280702  23.936257425700077
44.11027568922306  24.535144989085126
44.3609022556391  25.105872239496122
44.611528822055135  25.63150711379312
44.86215538847118  26.096212346243693
45.11278195488722  26.480339940929397
45.363408521303256  26.75642797271227
45.6140350877193  26.89733055345767
45.86466165413534  26.890269017613157
46.11528822055138  26.74571055969987
46.365914786967416  26.498465793343748
46.61654135338346  26.19830499423026
46.8671679197995  25.89088588808083
47.11779448621554  25.6012566253946
47.36842105263158  25.32753554180141
47.61904761904762  25.04534634743883
47.86967418546366  24.727696778041913
48.1203007518797  24.369134442469313
48.37092731829574  23.98572852913943
48.62155388471178  23.592031914149853
48.87218045112782  23.189001867115547
49.12280701754386  22.77358920795683
49.3734335839599  22.346706483089577
49.62406015037594  21.908220842975446
49.87468671679198  21.45343127957187
50.12531328320802  20.980586933637596
50.37593984962406  20.496583949020437
50.6265664160401  20.006222367521968
50.87719298245614  19.499336634496608
51.12781954887218  18.961570540034746
51.37844611528822  18.395968955251142
51.62907268170426  17.821166658748425
51.8796992481203  17.252600257299292
52.13032581453634  16.69829144940544
52.38095238095238  16.166106968661023
52.63157894736842  15.658755661176514
52.88220551378446  15.164385542509219
53.1328320802005  14.667618634329344
53.38345864661654  14.172687535242071
53.634085213032584  13.708080839314194
53.88471177944862  13.308266602587402
54.13533834586466  12.996660271664966
54.3859649122807  12.78598208730714
54.636591478696744  12.686372305027545
54.88721804511278  12.70444954237403
55.13784461152882  12.834601130599763
55.388471177944865  13.057303220428565
55.6390977443609  13.348102212249959
55.88972431077694  13.685678771785888
56.14035087719298  14.051775247789696
56.390977443609025  14.429188052676242
56.64160401002506  14.80467852578178
56.8922305764411  15.174959342957065
57.142857142857146  15.549756405487695
57.393483709273184  15.945668060019331
57.64411027568922  16.371005260837357
57.89473684210526  16.816391508568366
58.145363408521305  17.26392073222536
58.39598997493734  17.703110880564513
58.64661654135338  18.134481224839362
58.89724310776943  18.56304100154368
59.147869674185465  18.994219118653373
59.3984962406015  19.431856822294318
59.64912280701754  19.874523714273213
59.899749373433586  20.317013610271246
60.150375939849624  20.758140097533467
60.40100250626566  21.201178292684382
60.65162907268171  21.644962252916166
60.902255639097746  22.082053924991442
61.152882205513784  22.506701877865883
61.40350877192982  22.918643369136444
61.65413533834587  23.319631212648076
61.904761904761905  23.708042238266625
62.15538847117794  24.073240362787534
62.40601503759399  24.396212285466692
62.65664160401003  24.661933758256716
62.907268170426065  24.870865380042503
63.1578947368421  25.033212187392927
63.40852130325815  25.151166921219094
63.659147869674186  25.20848486195938
63.909774436090224  25.17769677191178
64.16040100250626  25.040003224485403
64.41102756892231  24.801803355157304
64.66165413533835  24.493222071781567
64.91228070175438  24.152716631710963
65.16290726817043  23.811241519236493
65.41353383458646  23.481316530073
65.6641604010025  23.1575225350206
65.91478696741855  22.831539979394883
66.16541353383458  22.50373055098691
66.41604010025063  22.178381279823626
66.66666666666667  21.85748027508133
66.9172932330827  21.542891657202
67.16791979949875  21.235389148108293
67.41854636591479  20.927025874662185
67.66917293233082  20.60039355372604
67.91979949874687  20.242196819471413
68.17042606516291  19.858469722677867
68.42105263157895  19.469794771120863
68.67167919799499  19.086629111307246
68.92230576441102  18.697018862406534
69.17293233082707  18.28564065235878
69.42355889724311  17.855443656739432
69.67418546365914  17.422051849447183
69.92481203007519  16.996718169834864
70.17543859649123  16.58349093374626
70.42606516290726  16.185344291101416
70.67669172932331  15.806619339876875
70.92731829573935  15.453602887850343
71.17794486215539  15.134228246663282
71.42857142857143  14.854840652757575
71.67919799498746  14.619202986198284
71.9298245614035  14.433835036080408
72.18045112781955  14.313303341242833
72.43107769423558  14.275816601018409
72.68170426065163  14.33143424790225
72.93233082706767  14.476610598288056
73.1829573934837  14.697293079000103
73.43358395989975  14.971371531427835
73.6842105263158  15.274913686057122
73.93483709273183  15.596398816122615
74.18546365914787  15.93917921710497
74.43609022556392  16.30499448153012
74.68671679197995  16.687946460547376
74.93734335839599  17.0877850934827
75.18796992481202  17.509165504920976
75.43859649122807  17.944509103524723
75.68922305764411  18.38039945008687
75.93984962406014  18.820860325296767
76.19047619047619  19.27663416803185
76.44110275689223  19.730414029588225
76.69172932330827  20.140999855448076
76.94235588972431  20.486839216836735
77.19298245614036  20.78441621206333
77.44360902255639  21.06152913561602
77.69423558897243  21.331576815768695
77.94486215538848  21.59766232005832
78.19548872180451  21.865883452579993
78.44611528822055  22.14647836941381
78.69674185463658  22.447429790330688
78.94736842105263  22.770160350150928
79.19799498746868  23.109151271265397
79.4486215538847  23.45371551427462
79.69924812030075  23.788249284291894
79.9498746867168  24.091456576000496
80.20050125313283  24.342015383088956
80.45112781954887  24.529827718950877
80.70175438596492  24.659345893560168
80.95238095238095  24.741074561120524
81.203007518797  24.782164290754196
81.45363408521304  24.780783627519188
81.70426065162907  24.722512879643467
81.95488721804512  24.585210491692596
82.20551378446115  24.35547853682764
82.45614035087719  24.042046328263023
82.70676691729324  23.671647286837267
82.95739348370927  23.273812812847336
83.20802005012531  22.869968892919502
83.45864661654136  22.47109587366174
83.70927318295739  22.07950303428365
83.95989974937343  21.691206928870713
84.21052631578948  21.297626046193173
84.46115288220551  20.888171895346204
84.71177944862156  20.456162973968425
84.9624060150376  20.00486110510986
85.21303258145363  19.545344527638964
85.46365914786968  19.085341619806393
85.71428571428571  18.623246346929168
85.96491228070175  18.15690416260213
86.2155388471178  17.693250862355857
86.46616541353383  17.244796981225157
86.71679197994987  16.8209547410731
86.96741854636592  16.423357319729035
87.21804511278195  16.04288491704114
87.468671679198  15.661975489287244
87.71929824561404  15.267505010067046
87.96992481203007  14.860667327832285
88.22055137844612  14.450700534783198
88.47117794486215  14.047721176766126
88.7218045112782  13.668921550062333
88.97243107769424  13.342123993001005
89.22305764411027  13.094952949967848
89.47368421052632  12.943134016123901
89.72431077694236  12.886752326377389
89.97493734335839  12.912382272345493
90.22556390977444  13.00228536641548
90.47619047619048  13.143772926561528
90.72681704260651  13.327082921266713
90.97744360902256  13.540529330921311
91.2280701754386  13.776404443674657
91.47869674185463  14.03643343709653
91.72932330827068  14.32471640173479
91.97994987468671  14.640714615121867
92.23057644110276  14.982009144043264
92.4812030075188  15.346787796201223
92.73182957393483  15.731735812517497
92.98245614035088  16.132792753745324
93.23308270676692  16.546967857528276
93.48370927318295  16.96943993783084
93.734335839599  17.393252396942835
93.98496240601504  17.816117299890784
94.23558897243107  18.242680723712414
94.48621553884712  18.676562503959854
94.73684210526316  19.11325509486253
94.9874686716792  19.542815771066692
95.23809523809524  19.95763227848214
95.48872180451127  20.355633724936343
95.73934837092732  20.738871825658364
95.98997493734336  21.11442407185122
96.2406015037594  21.494993484506853
96.49122807017544  21.89139960811818
96.74185463659148  22.30286451419704
96.99248120300751  22.720543664323284
97.24310776942356  23.143933663148736
97.4937343358396  23.586027197571603
97.74436090225564  24.05399178382788
97.99498746867168  24.5310359052682
98.24561403508773  24.985302089177488
98.49624060150376  25.387155540823343
98.7468671679198  25.706526956886997
98.99749373433583  25.90572664793845
99.24812030075188  25.957920806491742
99.49874686716792  25.87644476506187
99.74937343358395  25.713780030828712
100.0  25.52617665384528
