0.0  2.1846123488598515e-27
1.0025062656641603  3.1807813263045945
2.0050125313283207  9.136269704511474
3.007518796992481  15.340980269969542
4.010025062656641  21.40601291696082
5.012531328320802  27.49455203956783
6.015037593984962  33.589241472768464
7.017543859649122  39.626287822443174
8.020050125313283  45.59550800748867
9.022556390977444  51.513997435415924
10.025062656641603  57.42317244986584
11.027568922305765  63.37201043798816
12.030075187969924  69.27551445901038
13.032581453634085  74.0644926019879
14.035087719298245  73.09933604094469
15.037593984962406  69.45813262851846
16.040100250626566  64.73369900633648
17.04260651629073  59.51970378863926
18.045112781954888  54.03673455417718
19.047619047619047  48.365828093489405
20.050125313283207  42.549122500316045
21.05263157894737  36.634748778342846
22.05513784461153  30.65985155093859
23.05764411027569  24.6691667100038
24.06015037593985  18.604240880596578
25.06265664160401  12.83670705585445
26.06516290726817  8.998924218405167
27.06766917293233  8.780696535044699
28.07017543859649  10.972275718583926
29.072681704260653  14.419818359610291
30.075187969924812  18.584322229310043
31.07769423558897  23.26248690948568
32.08020050125313  28.265118977233428
33.08270676691729  33.4959016621549
34.08521303258146  38.8629846559547
35.08771929824562  44.33574914294141
36.090225563909776  49.89812835452924
37.092731829573935  55.53094803190587
38.095238095238095  60.984544580627514
39.097744360902254  64.56047793792158
40.100250626566414  64.46296175255247
41.10275689223057  63.005244480203594
42.10526315789474  60.43009899463378
43.1077694235589  57.13846970960993
44.11027568922306  53.312154513434095
45.11278195488722  49.0624734655617
46.11528822055138  44.46367968119349
47.11779448621554  39.588645292427515
48.1203007518797  34.51236304099449
49.12280701754386  29.237631006729625
50.12531328320802  23.86362156128374
51.12781954887218  19.09131375227776
52.13032581453634  16.44230323651145
53.1328320802005  16.277924994929837
54.13533834586466  17.524418940554988
55.13784461152882  19.745690566254044
56.14035087719298  22.655634267646622
57.142857142857146  26.094454669313798
58.145363408521305  29.9164663531377
59.147869674185465  34.05733249315319
60.150375939849624  38.432526150284595
61.152882205513784  42.99515839470084
62.15538847117794  47.732378467395705
63.1578947368421  52.56798869346623
64.16040100250626  56.86740891303963
65.16290726817043  58.83930302009177
66.16541353383458  58.63368603593278
67.16791979949875  57.609638902164114
68.17042606516291  55.72740557251439
69.17293233082707  53.146812010730564
70.17543859649123  50.088375842168695
71.17794486215539  46.56877914951358
72.18045112781955  42.76898900253726
73.1829573934837  38.67588218778855
74.18546365914787  34.364345560408374
75.18796992481202  29.87103657570694
76.19047619047619  25.398002026940844
77.19298245614036  21.950375249140755
78.19548872180451  20.611354203632175
79.19799498746868  20.833639155252893
80.20050125313283  21.941833470091
81.203007518797  23.763861736004664
82.20551378446115  26.14989864911654
83.20802005012531  29.07026938295313
84.21052631578948  32.3722453640151
85.21303258145363  35.97520102762044
86.2155388471178  39.803847950788594
87.21804511278195  43.83269203412494
88.22055137844612  48.03841737038253
89.22305764411027  52.07835427515269
90.22556390977444  55.06904407588971
91.2280701754386  55.71910300402867
92.23057644110276  55.26798455885311
93.23308270676692  54.14169297303369
94.23558897243107  52.36267980300598
95.23809523809524  50.14930044074213
96.2406015037594  47.48769190762691
97.24310776942356  44.39356716068962
98.24561403508773  41.009203017491
99.24812030075188  37.27170526127579
100.25062656641605  33.331482368754116
101.2531328320802  29.273404392556607
102.25563909774436  25.54849550660843
103.25814536340852  23.246492391161667
104.26065162907268  22.794312998806994
105.26315789473684  23.36591705857291
106.265664160401  24.585669727709565
107.26817042606517  26.42760361268022
108.27067669172932  28.735298993031435
109.27318295739349  31.36763621767577
110.27568922305764  34.30191017724997
111.2781954887218  37.47444377936949
112.28070175438596  40.93624585125599
113.28320802005013  44.64883646780643
114.28571428571429  48.425723434705425
115.28822055137844  51.86513545583939
116.29072681704261  53.70903514331832
117.29323308270676  53.693131595521734
118.29573934837093  53.27804308401874
119.29824561403508  51.928218526550744
120.30075187969925  50.22393024223119
121.30325814536342  48.113468589917794
122.30576441102757  45.464757134714326
123.30827067669173  42.60738535197224
124.31077694235589  39.451151764140604
125.31328320802005  36.03412179279407
126.3157894736842  32.53319468122582
127.31829573934837  29.047812777992874
128.32080200501252  26.111370689839056
129.3233082706767  24.750638722305084
130.32581453634086  24.75046724428143
131.328320802005  25.355317493312413
132.33082706766916  26.68342240035719
133.33333333333334  28.50187468300105
134.3358395989975  30.726430276677945
135.33834586466165  33.141745058964965
136.34085213032583  35.88334584336705
137.34335839598998  39.028258803596245
138.34586466165413  42.31959197508949
139.34837092731829  45.683271685235866
140.35087719298247  48.9150592696334
141.35338345864662  51.35371655917966
142.35588972431077  52.101939006010625
143.35839598997492  51.85825735366848
144.3609022556391  51.362357137469274
145.36340852130326  50.07260746332714
146.3659147869674  48.272643723276644
147.3684210526316  46.14385628414152
148.37092731829574  43.75213200101035
149.3734335839599  40.99279378417357
150.37593984962405  38.04320442121946
151.37844611528823  34.775483673511026
152.38095238095238  31.38775015356048
153.38345864661653  28.450571128980283
154.3859649122807  26.590936465795284
155.38847117794487  26.06933625819143
156.39097744360902  26.292312756710615
157.39348370927317  27.123760238651776
158.39598997493735  28.475802759481816
159.3984962406015  30.119609310696962
160.40100250626566  32.22146440903676
161.40350877192984  34.65946422744836
162.406015037594  37.38010280153383
163.40852130325814  40.314953792172574
164.4110275689223  43.34775260212334
165.41353383458647  46.4108582730528
166.41604010025063  49.27228177147458
167.41854636591478  50.804764938857105
168.42105263157896  51.06252141630028
169.4235588972431  50.474561725294606
170.42606516290726  49.67202964804288
171.42857142857142  48.432597290704415
172.4310776942356  46.81966702508093
173.43358395989975  44.95940641040674
174.4360902255639  42.48814554058459
175.43859649122808  39.761187909624525
176.44110275689223  36.94759272427552
177.4436090225564  33.895966418382045
178.44611528822054  30.857000093185125
179.44862155388472  28.414718878493282
180.45112781954887  27.36535029255276
181.45363408521303  27.228521584643257
182.4561403508772  27.595608003196226
183.45864661654136  28.65267382986679
184.4611528822055  30.163888042079677
185.46365914786966  31.973442297235447
186.46616541353384  33.92981909373166
187.468671679198  36.05020252861397
188.47117794486215  38.4943623799161
189.47368421052633  41.303069851595524
190.47619047619048  44.15714165052807
191.47869674185463  46.88883104016016
192.4812030075188  49.05020073487168
193.48370927318297  49.82453355710886
194.48621553884712  49.69535479806151
195.48872180451127  49.53622062977072
196.49122807017545  48.353224254989904
197.4937343358396  46.83548444316249
198.49624060150376  45.175680247680454
199.4987468671679  43.24056094758559
200.5012531328321  40.838003232321405
201.50375939849624  38.395332176862325
202.5062656641604  35.79055192031658
203.50877192982455  32.83319723236121
204.51127819548873  30.195221020616884
205.51378446115288  28.6461730271819
206.51629072681703  28.409763353772995
207.5187969924812  28.694428413721504
208.52130325814537  29.09150390501859
209.52380952380952  30.034773259937683
210.52631578947367  31.432520416457002
211.52882205513785  33.06649652957646
212.531328320802  34.799795271698805
213.53383458646616  37.00463503461767
214.53634085213034  39.692816804366885
215.5388471177945  42.54360699811297
216.54135338345864  45.099173926747326
217.5438596491228  47.38186957851884
218.54636591478697  48.63214920651724
219.54887218045113  48.54419697816388
220.55137844611528  48.170829582151875
221.55388471177946  47.61734605558024
222.5563909774436  46.676083284024365
223.55889724310777  45.459859934549094
224.56140350877192  43.657116901804706
225.5639097744361  41.85051228261574
226.56641604010025  40.041458360944276
227.5689223057644  37.87539001479606
228.57142857142858  35.10817524228899
229.57393483709274  32.31420210911659
230.5764411027569  30.17098793685354
231.57894736842104  29.10676990040447
232.58145363408522  29.311224275180717
233.58395989974937  29.89599432086744
234.58646616541353  30.979154480854042
235.5889724310777  32.330938095499754
236.59147869674186  33.6489089581888
237.593984962406  35.19447863453785
238.59649122807016  36.97598015642324
239.59899749373434  38.91334599054683
240.6015037593985  41.010280559943
241.60401002506265  43.30119358516043
242.60651629072683  45.66275666203468
243.60902255639098  47.41147120192488
244.61152882205513  48.28297002945169
245.6140350877193  47.85724878566492
246.61654135338347  47.34213642734672
247.61904761904762  46.520314971625794
248.62155388471177  44.99308414820594
249.62406015037595  43.35015771581254
250.6265664160401  41.39469254432342
251.62907268170426  39.56850884464183
252.6315789473684  37.71364279938279
253.6340852130326  35.735719130734466
254.63659147869674  33.71547125007502
255.6390977443609  31.58130216195616
256.64160401002505  30.096704394130846
257.64411027568923  29.620909416735707
258.6466165413534  29.983410692467967
259.64912280701753  30.81913182855236
260.6516290726817  31.836537312508252
261.65413533834584  32.94938036413722
262.65664160401  34.55930067123326
263.6591478696742  36.4779822045586
264.6616541353383  38.61509280628044
265.6641604010025  40.82093955664708
266.6666666666667  42.94556445719162
267.6691729323308  44.767381468295014
268.671679197995  46.42938596728417
269.67418546365917  47.44807492996964
270.6766917293233  47.65200546302213
271.6791979949875  47.39855874966006
272.68170426065166  46.7349141410941
273.6842105263158  45.33812836336067
274.68671679197996  43.91540405562806
275.6892230576441  42.36833110241875
276.69172932330827  40.5014893536539
277.69423558897245  38.468739436470436
278.69674185463657  36.27485626761185
279.69924812030075  33.81627272006834
280.70175438596493  31.782971822122157
281.70426065162906  30.328194024092998
282.70676691729324  29.953634110326856
283.7092731829574  30.348613952653164
284.71177944862154  30.862777987782536
285.7142857142857  31.450069697213653
286.71679197994985  32.70676545829446
287.719298245614  34.188452838272376
288.7218045112782  35.82973469860386
289.72431077694233  37.71509454037889
290.7268170426065  39.83531416986356
291.7293233082707  41.91351087805489
292.7318295739348  44.1987169564487
293.734335839599  46.37490867432525
294.7368421052632  47.94784440849384
295.7393483709273  48.18998615773084
296.7418546365915  47.48670852246278
297.74436090225566  46.88517330514635
298.7468671679198  46.03751278303852
299.74937343358397  44.728446215852976
300.7518796992481  43.29237000303333
301.7543859649123  41.66061352322542
302.75689223057645  39.733938388593316
303.7593984962406  37.433922779412455
304.76190476190476  35.12911956786346
305.76441102756894  32.8735958691188
306.76691729323306  30.99204905339939
307.76942355889724  29.5529299615794
308.7719298245614  29.082608033187096
309.77443609022555  29.802376828857724
310.77694235588973  30.777867098611303
311.7794486215539  31.866193115238477
312.78195488721803  33.39037424935172
313.7844611528822  34.933301540175144
314.78696741854634  36.39744561575869
315.7894736842105  38.012697789419384
316.7919799498747  40.05487650134981
317.7944862155388  42.41436984421642
318.796992481203  44.85481297378178
319.7994987468672  46.60147421719726
320.8020050125313  47.63447344959659
321.8045112781955  48.11527179707949
322.8070175438597  47.91590501871294
323.8095238095238  47.29438580912542
324.812030075188  46.30844768178032
325.81453634085216  44.57665918973716
326.8170426065163  42.79729784037969
327.81954887218046  41.04579899834175
328.8220551378446  39.311650178894766
329.82456140350877  37.35807903378026
330.82706766917295  35.062847996139055
331.8295739348371  32.643208803735774
332.83208020050125  31.028621546330694
333.83458646616543  30.423691851263893
334.83709273182956  30.26206015766276
335.83959899749374  30.525978438216647
336.8421052631579  31.145265655551032
337.84461152882204  32.248562610709314
338.8471177944862  33.59196685433557
339.8496240601504  35.13203290514519
340.8521303258145  36.574086960995274
341.8546365914787  38.13924305756432
342.85714285714283  39.993479489107884
343.859649122807  42.05623631481699
344.8621553884712  44.38273814296124
345.8646616541353  46.40344298979687
346.8671679197995  47.04946325267683
347.8696741854637  47.15380860937646
348.8721804511278  46.74005087769664
349.874686716792  46.055152166391146
350.87719298245617  44.75255366743986
351.8796992481203  43.42750051452903
352.88220551378447  41.80399014751195
353.8847117794486  39.99615710007702
354.8872180451128  38.46978127714639
355.88972431077696  37.10320586141635
356.8922305764411  35.419009860033704
357.89473684210526  33.69879381984304
358.89724310776944  32.45335607157902
359.89974937343356  31.793832312023277
360.90225563909775  31.559160487383323
361.9047619047619  31.495637357971443
362.90726817042605  32.16798254984544
363.90977443609023  33.36836978247081
364.9122807017544  34.747531112239784
365.91478696741854  36.359368300408605
366.9172932330827  38.12310477166866
367.91979949874684  39.89420289451198
368.922305764411  41.63057188496803
369.9248120300752  43.00156099129245
370.9273182957393  44.40723198367348
371.9298245614035  45.22124206812427
372.9323308270677  45.20040089518125
373.9348370927318  45.07721368082464
374.937343358396  45.124756298548505
375.9398496240602  44.53724874916716
376.9423558897243  43.245871277092455
377.9448621553885  42.01319142439093
378.94736842105266  40.47792074886173
379.9498746867168  38.91962781922952
380.95238095238096  37.16489215997613
381.9548872180451  35.46790013042776
382.95739348370927  34.12870917744509
383.95989974937345  33.1097459522673
384.9624060150376  32.58844422937483
385.96491228070175  32.383213469084644
386.96741854636593  32.404561252643326
387.96992481203006  32.54198097783846
388.97243107769424  33.35145390804951
389.9749373433584  34.8866351469879
390.97744360902254  36.59813887707249
391.9799498746867  38.13338515291706
392.9824561403509  39.627676159731166
393.98496240601503  41.27660508875787
394.9874686716792  42.95036107182356
395.98997493734333  44.1992020820542
396.9924812030075  44.96805174910188
397.9949874686717  44.95385034775369
398.9974937343358  44.67881934465073
400.0  44.71384615232489
