0.0  2.0270183069029233e-28
1.0025062656641603  4.290449293907026
2.0050125313283207  12.383904845363908
3.007518796992481  20.76973533174807
4.010025062656641  29.029515782169746
5.012531328320802  36.557891023585306
6.015037593984962  33.9543018334332
7.017543859649122  26.391609856759942
8.020050125313283  18.23646218424834
9.022556390977444  9.956756514108278
10.025062656641603  3.3995087362334537
11.027568922305765  3.070487229598258
12.030075187969924  8.36981876945492
13.032581453634085  15.689625273350508
14.035087719298245  23.570858195351963
15.037593984962406  31.197072272262254
16.040100250626566  32.5743034682431
17.04260651629073  28.26793781230662
18.045112781954888  21.86057956200484
19.047619047619047  14.50848455210325
20.050125313283207  7.890327630051198
21.05263157894737  5.685194625605898
22.05513784461153  8.450923104574741
23.05764411027569  13.787456635566324
24.06015037593985  20.361734476939645
25.06265664160401  27.225418410172946
26.06516290726817  29.8112138764423
27.06766917293233  27.424023715400047
28.07017543859649  22.75699322842467
29.072681704260653  16.728578797846772
30.075187969924812  10.814634895138584
31.07769423558897  8.139274899285862
32.08020050125313  9.658295409882966
33.08270676691729  13.60547729566153
34.08521303258146  18.959110924148867
35.08771929824562  24.932857483773066
36.090225563909776  27.825152143987673
37.092731829573935  26.249453329840925
38.095238095238095  22.641898324186094
39.097744360902254  17.70250510264946
40.100250626566414  12.493285845930185
41.10275689223057  9.799874953592393
42.10526315789474  10.751142260708331
43.1077694235589  13.864568894719266
44.11027568922306  18.361061685582776
45.11278195488722  23.590535714150366
46.11528822055138  26.458871160040438
47.11779448621554  25.265721264713907
48.1203007518797  22.415139408645185
49.12280701754386  18.12597467081383
50.12531328320802  13.598584605802248
51.12781954887218  10.953276378142112
52.13032581453634  11.584545253297222
53.1328320802005  14.169436935545432
54.13533834586466  18.00804700273904
55.13784461152882  22.599961378603634
56.14035087719298  25.366628571949253
57.142857142857146  24.516766915470058
58.145363408521305  21.978361510802568
59.147869674185465  18.427975622460888
60.150375939849624  14.3384498619229
61.152882205513784  11.860562035363262
62.15538847117794  12.373862022354349
63.1578947368421  14.486801642183707
64.16040100250626  17.955847405571834
65.16290726817043  22.149294879235864
66.16541353383458  24.61623308263139
67.16791979949875  23.772217304673333
68.17042606516291  21.58918046441329
69.17293233082707  18.4483094425535
70.17543859649123  14.637125627648466
71.17794486215539  12.534180229657975
72.18045112781955  12.784943319460217
73.1829573934837  14.848560634101784
74.18546365914787  18.118204620969223
75.18796992481202  21.73483837706928
76.19047619047619  24.18072989724297
77.19298245614036  23.33167339884598
78.19548872180451  21.509002966931263
79.19799498746868  18.407013938818455
80.20050125313283  14.978871390675195
81.203007518797  12.56161493634119
82.20551378446115  13.121055666341313
83.20802005012531  15.220155836422057
84.21052631578948  17.90185166117428
85.21303258145363  21.30727519740254
86.2155388471178  24.001364622588873
87.21804511278195  23.316349027160033
88.22055137844612  21.497849062672206
89.22305764411027  18.40383959246135
90.22556390977444  15.125685093268032
91.2280701754386  13.34760713472079
92.23057644110276  13.301453691497445
93.23308270676692  14.92054213119178
94.23558897243107  17.768289410593542
95.23809523809524  21.356730992275974
96.2406015037594  23.382237348998558
97.24310776942356  22.912804062022282
98.24561403508773  21.207763971819762
99.24812030075188  18.866526883636084
100.25062656641605  15.606400633825467
101.2531328320802  13.240323190498003
102.25563909774436  13.571169233329728
103.25814536340852  15.502664865024578
104.26065162907268  17.777902224268402
105.26315789473684  20.58319769603085
106.265664160401  23.244711845482342
107.26817042606517  22.901625361534762
108.27067669172932  21.161936216710004
109.27318295739349  18.250427651062886
110.27568922305764  15.84219810454856
111.2781954887218  14.009869457919244
112.28070175438596  13.61398398495149
113.28320802005013  15.253396564909796
114.28571428571429  18.11925571733835
115.28822055137844  20.736493438645272
116.29072681704261  22.84154408784954
117.29323308270676  22.42432343252212
118.29573934837093  21.45978500333624
119.29824561403508  18.461351742334745
120.30075187969925  15.409495240954802
121.30325814536342  13.857201256886624
122.30576441102757  14.157963362843057
123.30827067669173  15.319200900081327
124.31077694235589  17.687292706249952
125.31328320802005  21.034344330003336
126.3157894736842  23.112316078676628
127.31829573934837  22.475950876260207
128.32080200501252  20.86109415556555
129.3233082706767  18.866751391052027
130.32581453634086  15.772210088377504
131.328320802005  13.526702558202624
132.33082706766916  13.758015402859188
133.33333333333334  15.48859945925376
134.3358395989975  17.502069070779125
135.33834586466165  20.40850860603623
136.34085213032583  23.018205241559237
137.34335839598998  23.346185664708365
138.34586466165413  21.046858336731503
139.34837092731829  18.790143348331238
140.35087719298247  16.335831832432323
141.35338345864662  13.955685198286961
142.35588972431077  13.27403495224446
143.35839598997492  15.02444887612536
144.3609022556391  17.293124489765628
145.36340852130326  20.11097023059897
146.3659147869674  22.22939144858055
147.3684210526316  23.195521424854167
148.37092731829574  21.92958004126797
149.3734335839599  19.244490302402777
150.37593984962405  16.77002679420305
151.37844611528823  14.852214749292536
152.38095238095238  13.737329522326851
153.38345864661653  14.454947566240973
154.3859649122807  17.08745145544801
155.38847117794487  19.78374051420807
156.39097744360902  21.445924742374544
157.39348370927317  22.084085721605963
158.39598997493735  21.669367574794197
159.3984962406015  19.556609531006217
160.40100250626566  16.915322882679387
161.40350877192984  15.173513689730003
162.406015037594  14.601588958886241
163.40852130325814  15.184910069665264
164.4110275689223  16.992886619423743
165.41353383458647  19.654486334270047
166.41604010025063  21.892659306936995
167.41854636591478  21.86033203393916
168.42105263157896  21.30474915626806
169.4235588972431  19.55770835357384
170.42606516290726  16.598351438084098
171.42857142857142  14.886090184983088
172.4310776942356  14.775006928623537
173.43358395989975  14.943683462322499
174.4360902255639  16.431194123549123
175.43859649122808  19.154953979915295
176.44110275689223  22.084004672125133
177.4436090225564  21.732901275414257
178.44611528822054  21.224154064537306
179.44862155388472  20.140657773919756
180.45112781954887  17.78209194088678
181.45363408521303  15.165839217462082
182.4561403508772  14.880624751537896
183.45864661654136  15.738335311889314
184.4611528822055  16.586672908317528
185.46365914786966  18.580828263168364
186.46616541353384  20.94267507056731
187.468671679198  21.49958252398202
188.47117794486215  20.684339272400905
189.47368421052633  19.74561989249377
190.47619047619048  17.46077980627289
191.47869674185463  15.39090159953223
192.4812030075188  15.01387919107506
193.48370927318297  15.927762487674842
194.48621553884712  16.961148888720512
195.48872180451127  18.873048578855464
196.49122807017545  21.22005883866999
197.4937343358396  21.834189054227583
198.49624060150376  20.662384928380618
199.4987468671679  20.165256854966728
200.5012531328321  18.136263713750008
201.50375939849624  15.480278386769353
202.5062656641604  14.548349202935487
203.50877192982455  15.331513566657637
204.51127819548873  16.591954692175104
205.51378446115288  17.848865226334024
206.51629072681703  20.139519193479465
207.5187969924812  21.506517356509274
208.52130325814537  21.00057401694603
209.52380952380952  19.990720914121205
210.52631578947367  19.101585201669586
211.52882205513785  17.261145572990447
212.531328320802  15.898307264283178
213.53383458646616  15.88821194225873
214.53634085213034  16.66009847652244
215.5388471177945  17.916651926953723
216.54135338345864  18.981940756589008
217.5438596491228  19.86915569813571
218.54636591478697  19.5322603450987
219.54887218045113  18.928390265232164
220.55137844611528  18.270327612909686
221.55388471177946  17.447234806175945
222.5563909774436  17.102403553297723
223.55889724310777  17.37191191002342
224.56140350877192  18.03562649328464
225.5639097744361  19.10343857177822
226.56641604010025  19.777725547508524
227.5689223057644  20.213294833769773
228.57142857142858  18.771251504503212
229.57393483709274  17.737900406817307
230.5764411027569  16.770632304911107
231.57894736842104  16.36794309740669
232.58145363408522  15.951602003775458
233.58395989974937  16.764367621319337
234.58646616541353  18.512978563209167
235.5889724310777  20.157551317972032
236.59147869674186  20.841083355176945
237.593984962406  21.429694667035157
238.59649122807016  20.31914101218524
239.59899749373434  18.57953822394548
240.6015037593985  16.604509291173606
241.60401002506265  15.804525823656135
242.60651629072683  15.392968181784006
243.60902255639098  15.419090416168753
244.61152882205513  16.76673897701658
245.6140350877193  18.928876174458907
246.61654135338347  20.42415991774729
247.61904761904762  20.85201256739336
248.62155388471177  21.401524511524144
249.62406015037595  20.185750100101654
250.6265664160401  18.32239559181351
251.62907268170426  16.907835798432153
252.6315789473684  16.65475504031538
253.6340852130326  16.355632988855653
254.63659147869674  16.003539238945958
255.6390977443609  17.265296017854183
256.64160401002505  18.82947346206913
257.64411027568923  19.052187271751976
258.6466165413534  18.98820877741528
259.64912280701753  19.448149630151885
260.6516290726817  19.199626962659924
261.65413533834584  18.44681720038265
262.65664160401  18.142465557782174
263.6591478696742  18.74020750445543
264.6616541353383  18.557755970413332
265.6641604010025  18.306214465661995
266.6666666666667  18.314903202647407
267.6691729323308  17.72452904383034
268.671679197995  17.069556026770947
269.67418546365917  16.708677097541365
270.6766917293233  16.524841752438864
271.6791979949875  17.260122763207782
272.68170426065166  18.43972403583002
273.6842105263158  19.941378376383124
274.68671679197996  20.93606664002293
275.6892230576441  21.257853482675756
276.69172932330827  20.71071831304972
277.69423558897245  18.99734975408337
278.69674185463657  16.968885181879703
279.69924812030075  15.447417423231569
280.70175438596493  14.198143017023098
281.70426065162906  14.36487198722967
282.70676691729324  16.16222317112064
283.7092731829574  18.505253359722985
284.71177944862154  20.791998074931453
285.7142857142857  22.996944485499522
286.71679197994985  22.97633447346983
287.719298245614  21.47511918548546
288.7218045112782  19.01284743940565
289.72431077694233  16.795183101027202
290.7268170426065  14.164804458364706
291.7293233082707  12.658326294167935
292.7318295739348  13.990596896164206
293.734335839599  16.6311283200601
294.7368421052632  18.67091032861798
295.7393483709273  21.381620559322563
296.7418546365915  24.14542805533388
297.74436090225566  23.308722124462413
298.7468671679198  20.707821617126857
299.74937343358397  18.53093116358077
300.7518796992481  16.182700376351256
301.7543859649123  13.28756159252135
302.75689223057645  13.090426473936878
303.7593984962406  14.960726399679594
304.76190476190476  17.226126394497243
305.76441102756894  19.353788011365086
306.76691729323306  22.49973331688387
307.76942355889724  23.15138798118402
308.7719298245614  21.880687287254155
309.77443609022555  19.785609215649515
310.77694235588973  17.74473032916229
311.7794486215539  15.249881672900875
312.78195488721803  13.92659331502803
313.7844611528822  14.609262048152342
314.78696741854634  16.273759396207446
315.7894736842105  18.08003163268207
316.7919799498747  20.707432134552853
317.7944862155388  21.756842605381635
318.796992481203  21.345040543851667
319.7994987468672  20.34549998592373
320.8020050125313  19.029702520865694
321.8045112781955  16.7608620416424
322.8070175438597  15.457018960661305
323.8095238095238  15.771394702092703
324.812030075188  16.526196147861036
325.81453634085216  17.521816558401596
326.8170426065163  19.16198155097829
327.81954887218046  20.15801188321738
328.8220551378446  19.6876787938901
329.82456140350877  19.258934971015798
330.82706766917295  18.415717368302392
331.8295739348371  17.881233192519414
332.83208020050125  17.256883593923003
333.83458646616543  17.417345598799272
334.83709273182956  18.085149272198823
335.83959899749374  18.624540312348174
336.8421052631579  19.398819715176824
337.84461152882204  19.280812957827052
338.8471177944862  18.112776553204707
339.8496240601504  17.39921759560997
340.8521303258145  17.02073959907257
341.8546365914787  16.646350777304676
342.85714285714283  17.54116740176243
343.859649122807  18.507425121674423
344.8621553884712  19.425369223277464
345.8646616541353  20.18954745393795
346.8671679197995  20.825042996747
347.8696741854637  19.84232231276561
348.8721804511278  17.433097068172934
349.874686716792  16.207154326455257
350.87719298245617  15.793335315561432
351.8796992481203  14.898481183903353
352.88220551378447  16.239685039433812
353.8847117794486  19.238943940543674
354.8872180451128  20.901059108052998
355.88972431077696  21.790166314042793
356.8922305764411  22.29489989016966
357.89473684210526  21.90708997647492
358.89724310776944  17.92584663060462
359.89974937343356  14.964696993913927
360.90225563909775  13.601079479658697
361.9047619047619  12.845030185237565
362.90726817042605  13.528432876627875
363.90977443609023  17.001230899374335
364.9122807017544  20.882319085203786
365.91478696741854  23.8153134205282
366.9172932330827  24.770433118405663
367.91979949874684  24.695464088425965
368.922305764411  21.10721823638269
369.9248120300752  16.801464003753892
370.9273182957393  13.556748527843752
371.9298245614035  10.935393957963859
372.9323308270677  10.714717883025822
373.9348370927318  13.642919245519911
374.937343358396  18.02649730390678
375.9398496240602  21.612643146276277
376.9423558897243  25.06324486409415
377.9448621553885  27.060442157798477
378.94736842105266  24.18590035958632
379.9498746867168  19.869815498369363
380.95238095238096  15.989377060712535
381.9548872180451  12.379383557225466
382.95739348370927  10.090806542764522
383.95989974937345  11.43385728181159
384.9624060150376  15.314677248365824
385.96491228070175  19.15283474930002
386.96741854636593  23.044404023930383
387.96992481203006  26.365320233809083
388.97243107769424  25.623551791301956
389.9749373433584  21.754854737864044
390.97744360902254  18.308252820032127
391.9799498746867  14.343759919779885
392.9824561403509  11.153200607098173
393.98496240601503  10.71571979101482
394.9874686716792  13.821277005720512
395.98997493734333  17.287506361514858
396.9924812030075  21.110372762693967
397.9949874686717  24.79901727768969
398.9974937343358  26.27241170158726
400.0  23.264388181818525
