0.0  1.698799671593576e-28
1.0025062656641603  2.049512945535661
2.0050125313283207  6.068450384595969
3.007518796992481  10.212228341237568
4.010025062656641  14.345498782812541
5.012531328320802  18.36680520246388
6.015037593984962  22.271579756600122
7.017543859649122  26.205790208268123
8.020050125313283  30.09680713246933
9.022556390977444  33.86668409903344
10.025062656641603  36.31528210257682
11.027568922305765  35.12830779839449
12.030075187969924  32.48665575451724
13.032581453634085  29.35325839080944
14.035087719298245  25.82422561766779
15.037593984962406  22.145125558247244
16.040100250626566  18.31151231058534
17.04260651629073  14.39391599933542
18.045112781954888  10.47409282228386
19.047619047619047  7.002246908601
20.050125313283207  5.37856652113185
21.05263157894737  6.235719267777489
22.05513784461153  8.285702175810588
23.05764411027569  10.823001657781237
24.06015037593985  13.775150098406666
25.06265664160401  16.989182127277907
26.06516290726817  20.37440815858096
27.06766917293233  23.90520988431119
28.07017543859649  27.405548408553386
29.072681704260653  30.327301540648993
30.075187969924812  31.1446684850995
31.07769423558897  29.984610098497257
32.08020050125313  28.263936501444057
33.08270676691729  26.286422303433113
34.08521303258146  23.893159599185598
35.08771929824562  21.200665711148453
36.090225563909776  18.140603529191182
37.092731829573935  14.821307887770473
38.095238095238095  11.578244481799876
39.097744360902254  9.340012830805133
40.100250626566414  9.184412458396059
41.10275689223057  10.485594124217004
42.10526315789474  12.137495530910824
43.1077694235589  14.049059043402217
44.11027568922306  16.248617546244304
45.11278195488722  18.647257401096866
46.11528822055138  21.17331854939587
47.11779448621554  23.826465855853968
48.1203007518797  26.369744199578953
49.12280701754386  27.929095936877722
50.12531328320802  27.5022445176789
51.12781954887218  26.254612523157125
52.13032581453634  24.72083290523042
53.1328320802005  23.054850733694447
54.13533834586466  21.17133904959598
55.13784461152882  19.02008806926563
56.14035087719298  16.62570925586561
57.142857142857146  14.144866416716479
58.145363408521305  12.233892258246577
59.147869674185465  11.64751839357548
60.150375939849624  12.590016821337835
61.152882205513784  14.239888868845494
62.15538847117794  15.967821888965359
63.1578947368421  17.71327970081277
64.16040100250626  19.58630443084522
65.16290726817043  21.512402385907436
66.16541353383458  23.485908755146006
67.16791979949875  25.4025702068045
68.17042606516291  26.808455677033198
69.17293233082707  26.886107835363042
70.17543859649123  25.455693823968154
71.17794486215539  23.61945427785335
72.18045112781955  21.683475474774234
73.1829573934837  19.563870159334627
74.18546365914787  17.48007455419764
75.18796992481202  15.564229004581124
76.19047619047619  13.718108154542195
77.19298245614036  12.045616932025041
78.19548872180451  11.284914408702104
79.19799498746868  11.83783649683406
80.20050125313283  13.495592441434187
81.203007518797  15.546512280373037
82.20551378446115  17.619766967693675
83.20802005012531  19.676133839588854
84.21052631578948  21.82337258199564
85.21303258145363  23.899983315496247
86.2155388471178  25.830857863047246
87.21804511278195  27.26013171442179
88.22055137844612  27.77222726298477
89.22305764411027  26.82638126774398
90.22556390977444  25.209676186934576
91.2280701754386  23.284279260517636
92.23057644110276  21.11400624304875
93.23308270676692  18.726488987894076
94.23558897243107  16.43799219790501
95.23809523809524  14.332931818618432
96.2406015037594  12.51767958414068
97.24310776942356  11.379059724087242
98.24561403508773  11.100599540615079
99.24812030075188  11.975512627069817
100.25062656641605  13.715861015450798
101.2531328320802  15.64656070771315
102.25563909774436  17.609185833869994
103.25814536340852  19.815898873160855
104.26065162907268  22.076096837960446
105.26315789473684  24.218324472692263
106.265664160401  26.18873446543226
107.26817042606517  27.00838423725203
108.27067669172932  26.822151423328865
109.27318295739349  26.001715790297443
110.27568922305764  24.42825486975093
111.2781954887218  22.68789271098531
112.28070175438596  20.782797646402017
113.28320802005013  18.691194578413434
114.28571428571429  16.697112217574098
115.28822055137844  14.751379370489325
116.29072681704261  12.930526853680025
117.29323308270676  12.24412770807282
118.29573934837093  12.871633054416398
119.29824561403508  14.037290765865606
120.30075187969925  15.366183239208084
121.30325814536342  16.74871999917145
122.30576441102757  18.34705637625343
123.30827067669173  20.180268058263366
124.31077694235589  22.029920187631955
125.31328320802005  23.88643987778794
126.3157894736842  25.557794825008532
127.31829573934837  26.08293827344031
128.32080200501252  25.0516412114338
129.3233082706767  23.735347497315416
130.32581453634086  22.372584591486472
131.328320802005  21.140721024704874
132.33082706766916  19.759459958726545
133.33333333333334  18.01445362145372
134.3358395989975  16.191174720140047
135.33834586466165  14.497041459597455
136.34085213032583  13.225981479704911
137.34335839598998  12.997814126773426
138.34586466165413  14.104120417367527
139.34837092731829  15.641849423817224
140.35087719298247  17.00797040889685
141.35338345864662  18.042694747062964
142.35588972431077  19.210608958118463
143.35839598997492  20.676771093653766
144.3609022556391  22.257301366159343
145.36340852130326  23.85093517804627
146.3659147869674  25.05335658137979
147.3684210526316  25.108315642576304
148.37092731829574  24.28810406325752
149.3734335839599  22.912723703223865
150.37593984962405  21.617336705535028
151.37844611528823  20.67926299669726
152.38095238095238  19.884427105464667
153.38345864661653  18.813768778796806
154.3859649122807  17.512015162593215
155.38847117794487  16.11718502052053
156.39097744360902  15.127112744249834
157.39348370927317  15.228983536431146
158.39598997493735  16.193447724873327
159.3984962406015  17.29375002993933
160.40100250626566  18.211719708660695
161.40350877192984  18.70930344854904
162.406015037594  19.08895140059666
163.40852130325814  19.611623903272918
164.4110275689223  20.44752767184871
165.41353383458647  21.202932913804453
166.41604010025063  21.43387215939562
167.41854636591478  20.937451393485123
168.42105263157896  20.00642081809725
169.4235588972431  19.091953684524
170.42606516290726  18.478464507430033
171.42857142857142  18.15528139400311
172.4310776942356  17.78374581363861
173.43358395989975  17.48927694024083
174.4360902255639  17.34811317130144
175.43859649122808  17.408955781799463
176.44110275689223  17.894824362930706
177.4436090225564  19.047138028109284
178.44611528822054  20.334195449911086
179.44862155388472  21.449109877648056
180.45112781954887  22.043375752074603
181.45363408521303  22.46649039544501
182.4561403508772  22.796155505756204
183.45864661654136  22.97925345536359
184.4611528822055  22.863157146741337
185.46365914786966  22.29917621492747
186.46616541353384  20.81381548470882
187.468671679198  18.950391495932184
188.47117794486215  17.250526351724236
189.47368421052633  16.190428109215805
190.47619047619048  15.708246510826642
191.47869674185463  15.277928766762516
192.4812030075188  14.921338037994035
193.48370927318297  14.69773041742471
194.48621553884712  14.716476330414878
195.48872180451127  15.420953911626675
196.49122807017545  17.219713389199836
197.4937343358396  19.706693450624723
198.49624060150376  22.179956795640592
199.4987468671679  24.080779023968805
200.5012531328321  24.734566426882537
201.50375939849624  25.14644907895263
202.5062656641604  25.346430747273093
203.50877192982455  25.289265602404107
204.51127819548873  24.986933451357693
205.51378446115288  24.013999262197206
206.51629072681703  21.854511771000624
207.5187969924812  19.330022964674747
208.52130325814537  16.788800086309397
209.52380952380952  14.618645151023285
210.52631578947367  13.06477827606375
211.52882205513785  11.825583311647188
212.531328320802  11.132698129327528
213.53383458646616  11.120369526740989
214.53634085213034  11.635867721372183
215.5388471177945  12.914537901705266
216.54135338345864  15.267556444558558
217.5438596491228  18.005346626626793
218.54636591478697  20.6728302281506
219.54887218045113  22.968043214662266
220.55137844611528  24.92915422996564
221.55388471177946  26.882455484881255
222.5563909774436  28.47764552828001
223.55889724310777  28.998159699549415
224.56140350877192  28.46650410844883
225.5639097744361  27.304673497061632
226.56641604010025  25.130175372804906
227.5689223057644  22.585275511728184
228.57142857142858  20.10152890222018
229.57393483709274  17.75763305968779
230.5764411027569  15.497652767064984
231.57894736842104  13.39846517501326
232.58145363408522  11.534257497357135
233.58395989974937  10.234880905491035
234.58646616541353  10.095281097303475
235.5889724310777  11.10790747758437
236.59147869674186  12.840566643405792
237.593984962406  15.041502561695909
238.59649122807016  17.436385104391533
239.59899749373434  19.67184996432617
240.6015037593985  21.797301722770396
241.60401002506265  23.923013036147697
242.60651629072683  25.89961289889317
243.60902255639098  27.31950984909822
244.61152882205513  27.513625496957346
245.6140350877193  26.519014406128147
246.61654135338347  25.38925294280214
247.61904761904762  24.061689693613452
248.62155388471177  22.52776294111023
249.62406015037595  20.360041118193397
250.6265664160401  18.07442836066979
251.62907268170426  15.837687580936809
252.6315789473684  13.78897845621399
253.6340852130326  12.354104424897868
254.63659147869674  12.178262352530416
255.6390977443609  13.175194100171373
256.64160401002505  14.370774938557469
257.64411027568923  15.463127862648733
258.6466165413534  16.517623322678684
259.64912280701753  17.843307780303366
260.6516290726817  19.51506019677996
261.65413533834584  21.3525960214433
262.65664160401  23.280629567393863
263.6591478696742  24.769189180276207
264.6616541353383  24.937251692809554
265.6641604010025  24.102578113148613
266.6666666666667  23.284135033613353
267.6691729323308  22.44596983492203
268.671679197995  21.577637390190397
269.67418546365917  20.38960404953909
270.6766917293233  18.983326234182186
271.6791979949875  17.48793568720161
272.68170426065166  15.924999592908017
273.6842105263158  14.992749656802548
274.68671679197996  15.00636259970415
275.6892230576441  15.87579483432185
276.69172932330827  16.81113376418712
277.69423558897245  17.762090089236818
278.69674185463657  18.705340612239713
279.69924812030075  19.44364386258004
280.70175438596493  20.355226413183253
281.70426065162906  21.546458405563367
282.70676691729324  22.86720999323376
283.7092731829574  23.479931469001095
284.71177944862154  22.908567175893555
285.7142857142857  21.793091094964563
286.71679197994985  20.851376292454653
287.719298245614  20.004197438919462
288.7218045112782  19.09836297929853
289.72431077694233  18.21866592888312
290.7268170426065  17.171056838437035
291.7293233082707  16.050462947987256
292.7318295739348  15.056854828912808
293.734335839599  14.740242269208833
294.7368421052632  15.41913179087215
295.7393483709273  16.685224537634
296.7418546365915  17.87439720595904
297.74436090225566  19.12971031380844
298.7468671679198  20.219442255569902
299.74937343358397  21.14818543769977
300.7518796992481  22.167689659391726
301.7543859649123  23.364701644531124
302.75689223057645  24.56107074851689
303.7593984962406  24.652637185791704
304.76190476190476  23.77188544561261
305.76441102756894  22.581744511416677
306.76691729323306  21.343401129602736
307.76942355889724  19.839491273923333
308.7719298245614  18.423838318724787
309.77443609022555  17.25755867651712
310.77694235588973  15.99528749442823
311.7794486215539  14.810191633676327
312.78195488721803  13.97484081867881
313.7844611528822  13.969380792996292
314.78696741854634  15.058268071791273
315.7894736842105  16.54796682152627
316.7919799498747  17.87087461116541
317.7944862155388  19.1911923335437
318.796992481203  20.432991977027534
319.7994987468672  21.518722211063047
320.8020050125313  22.79053523430434
321.8045112781955  24.300562551710875
322.8070175438597  25.11282902341073
323.8095238095238  24.95094538451791
324.812030075188  23.899362985756373
325.81453634085216  22.544810037671464
326.8170426065163  21.0673777673055
327.81954887218046  19.51989696350589
328.8220551378446  17.997913939527066
329.82456140350877  16.58326754913123
330.82706766917295  15.082812815196215
331.8295739348371  13.522757798480779
332.83208020050125  12.363399010483892
333.83458646616543  12.659354259183898
334.83709273182956  13.972948779042913
335.83959899749374  15.540830837289718
336.8421052631579  17.14030541232918
337.84461152882204  18.71390478606518
338.8471177944862  20.365500697989617
339.8496240601504  22.061865851789495
340.8521303258145  23.71787429065532
341.8546365914787  25.65555073696678
342.85714285714283  27.075480263598205
343.859649122807  26.724120577878438
344.8621553884712  25.470726829577767
345.8646616541353  23.939588090826227
346.8671679197995  22.310713047447503
347.8696741854637  20.65466751505352
348.8721804511278  18.941332133944403
349.874686716792  17.187749495812785
350.87719298245617  15.371394065247522
351.8796992481203  13.382404909620437
352.88220551378447  11.79966816912356
353.8847117794486  11.583412294438636
354.8872180451128  12.557641854337207
355.88972431077696  14.154220583975901
356.8922305764411  15.814563886602148
357.89473684210526  17.49757914645348
358.89724310776944  19.2610583027767
359.89974937343356  21.136975314242346
360.90225563909775  23.071531796686866
361.9047619047619  25.035417942138668
362.90726817042605  26.7848424584067
363.90977443609023  27.158122861628133
364.9122807017544  26.7002540690386
365.91478696741854  25.55342150056433
366.9172932330827  23.863888452032715
367.91979949874684  21.968938968014307
368.922305764411  19.91617067263516
369.9248120300752  17.86633240158904
370.9273182957393  15.801979804333433
371.9298245614035  13.82472849560698
372.9323308270677  12.43076234065283
373.9348370927318  11.7922050411683
374.937343358396  11.675336432668255
375.9398496240602  12.264958455599231
376.9423558897243  13.636938475054796
377.9448621553885  15.472636814316308
378.94736842105266  17.494869135300466
379.9498746867168  19.70459386895866
380.95238095238096  21.79134042062849
381.9548872180451  23.845036822459992
382.95739348370927  25.052785428358593
383.95989974937345  25.703428549508082
384.9624060150376  26.26145693765605
385.96491228070175  26.475869640102047
386.96741854636593  25.691179621988546
387.96992481203006  24.11410476641442
388.97243107769424  22.292896712519475
389.9749373433584  20.188713132826738
390.97744360902254  18.08185449931042
391.9799498746867  16.232889090414183
392.9824561403509  15.069488306996105
393.98496240601503  14.39324096323701
394.9874686716792  13.830929101380478
395.98997493734333  13.389252079157762
396.9924812030075  13.526167311426615
397.9949874686717  14.450613952632954
398.9974937343358  15.916086499746621
400.0  17.806649401451516
