0.0  4.368585013549067e-27
1.0025062656641603  2.878692145484129
2.0050125313283207  9.560031801891032
3.007518796992481  16.81360517134584
4.010025062656641  24.121428640603295
5.012531328320802  31.314316490274653
6.015037593984962  38.413567341061544
7.017543859649122  45.46190455485357
8.020050125313283  52.29879418887394
9.022556390977444  59.140228738870285
10.025062656641603  66.05630161996417
11.027568922305765  72.98512009193043
12.030075187969924  77.17128491872873
13.032581453634085  72.37799764506832
14.035087719298245  65.80245973662085
15.037593984962406  58.977535419982104
16.040100250626566  52.179433379435046
17.04260651629073  45.3248369713931
18.045112781954888  38.2923637684702
19.047619047619047  31.197309891418726
20.050125313283207  24.00746467444037
21.05263157894737  16.72769904927189
22.05513784461153  9.591124301567097
23.05764411027569  3.793029868922372
24.06015037593985  2.0464049547409013
25.06265664160401  5.099073863907483
26.06516290726817  10.912882760138992
27.06766917293233  17.58112503273463
28.07017543859649  24.535702832821165
29.072681704260653  31.562449740689715
30.075187969924812  38.59380805230183
31.07769423558897  45.53035568492732
32.08020050125313  52.38001007636848
33.08270676691729  59.276769338146046
34.08521303258146  66.17375147722692
35.08771929824562  72.3052748666587
36.090225563909776  72.98204966883996
37.092731829573935  68.85164993452693
38.095238095238095  63.46999385346862
39.097744360902254  57.463556711649716
40.100250626566414  51.14175232767236
41.10275689223057  44.51003856773727
42.10526315789474  37.666491607153596
43.1077694235589  30.68797286458935
44.11027568922306  23.578548619906496
45.11278195488722  16.4432586402181
46.11528822055138  9.85559404514032
47.11779448621554  5.74051443452779
48.1203007518797  5.722237003651134
49.12280701754386  9.156113130954967
50.12531328320802  14.219596776935996
51.12781954887218  20.10757324719206
52.13032581453634  26.401593247026838
53.1328320802005  32.939074170000005
54.13533834586466  39.60066935985634
55.13784461152882  46.25345811186959
56.14035087719298  52.973818701622776
57.142857142857146  59.76426564150901
58.145363408521305  66.2967218492683
59.147869674185465  70.08948074847554
60.150375939849624  68.27441782886902
61.152882205513784  64.74316460768775
62.15538847117794  59.999092219053225
63.1578947368421  54.64457731713686
64.16040100250626  48.81280658434098
65.16290726817043  42.57598590268072
66.16541353383458  36.07838508861924
67.16791979949875  29.342366673812748
68.17042606516291  22.46934458127988
69.17293233082707  15.77545882069751
70.17543859649123  10.447562898154164
71.17794486215539  8.369264623532708
72.18045112781955  9.78498951481277
73.1829573934837  13.35751065866869
74.18546365914787  18.013057855776626
75.18796992481202  23.35986601096231
76.19047619047619  29.143059899822553
77.19298245614036  35.21659710828205
78.19548872180451  41.44169020851283
79.19799498746868  47.79050175496633
80.20050125313283  54.28603938279523
81.203007518797  60.748741038669564
82.20551378446115  65.95133499419377
83.20802005012531  66.62960982798552
84.21052631578948  64.19973047020332
85.21303258145363  60.703632878844495
86.2155388471178  56.35567816532991
87.21804511278195  51.39554903427221
88.22055137844612  45.887912902458886
89.22305764411027  40.00343849761758
90.22556390977444  33.811680885129384
91.2280701754386  27.36399013917035
92.23057644110276  20.866421522523947
93.23308270676692  15.060279083950332
94.23558897243107  11.585506773385507
95.23809523809524  11.3784133204164
96.2406015037594  13.683821007252703
97.24310776942356  17.289905184549447
98.24561403508773  21.75604290638472
99.24812030075188  26.768243927398846
100.25062656641605  32.19159458928875
101.2531328320802  37.895597923748426
102.25563909774436  43.76927507127738
103.25814536340852  49.85667541941008
104.26065162907268  56.06069093554177
105.26315789473684  61.72026800105944
106.265664160401  64.41168132598325
107.26817042606517  63.037878133397804
108.27067669172932  60.65238222337292
109.27318295739349  57.022457209240926
110.27568922305764  52.82284432090303
111.2781954887218  48.040384947881876
112.28070175438596  42.783826193933194
113.28320802005013  37.15045145130338
114.28571428571429  31.18897516092197
115.28822055137844  25.046010782902627
116.29072681704261  19.171095127016905
117.29323308270676  14.807790072505174
118.29573934837093  13.316466790327556
119.29824561403508  14.479282899525307
120.30075187969925  17.219141257128932
121.30325814536342  20.899877327095624
122.30576441102757  25.266807126991743
123.30827067669173  30.096186773716322
124.31077694235589  35.277122233379934
125.31328320802005  40.701917132178544
126.3157894736842  46.348160086091866
127.31829573934837  52.190978343814436
128.32080200501252  57.85143334867937
129.3233082706767  61.84285157517333
130.32581453634086  61.91703594990944
131.328320802005  60.04178050442366
132.33082706766916  57.3142195718712
133.33333333333334  53.73181302898171
134.3358395989975  49.50012561348983
135.33834586466165  44.817604423319544
136.34085213032583  39.69229719890815
137.34335839598998  34.20750967487293
138.34586466165413  28.46735706751033
139.34837092731829  22.750323257450564
140.35087719298247  17.92406705769457
141.35338345864662  15.36493722723595
142.35588972431077  15.486453874272058
143.35839598997492  17.474221444344494
144.3609022556391  20.46917682698178
145.36340852130326  24.247452333751202
146.3659147869674  28.534948430964366
147.3684210526316  33.24887131009389
148.37092731829574  38.24524411946142
149.3734335839599  43.480699436738206
150.37593984962405  48.9667302083693
151.37844611528823  54.45369571880407
152.38095238095238  59.095519561805304
153.38345864661653  60.5911021080359
154.3859649122807  59.26242807141309
155.38847117794487  57.28393406924536
156.39097744360902  54.21240327662126
157.39348370927317  50.58717387708405
158.39598997493735  46.363161019655955
159.3984962406015  41.68025891115719
160.40100250626566  36.640528278397255
161.40350877192984  31.308060016213417
162.406015037594  25.851840060761642
163.40852130325814  20.82708972551047
164.4110275689223  17.49981676379425
165.41353383458647  16.709088169398406
166.41604010025063  17.936775258679827
167.41854636591478  20.3436928799135
168.42105263157896  23.57516456209403
169.4235588972431  27.400819962321037
170.42606516290726  31.665186988096334
171.42857142857142  36.28161120679276
172.4310776942356  41.154676058180435
173.43358395989975  46.29645573649701
174.4360902255639  51.52779246842664
175.43859649122808  56.39695933554993
176.44110275689223  59.038164879057234
177.4436090225564  58.57261676386648
178.44611528822054  56.8988908166041
179.44862155388472  54.529670824661316
180.45112781954887  51.284417321303636
181.45363408521303  47.49943099044007
182.4561403508772  43.321771933561394
183.45864661654136  38.63579909388768
184.4611528822055  33.65105406291611
185.46365914786966  28.460934760423537
186.46616541353384  23.436968044175455
187.468671679198  19.578564362578334
188.47117794486215  17.95674457840327
189.47368421052633  18.491483681022174
190.47619047619048  20.360953028747478
191.47869674185463  23.10168151524945
192.4812030075188  26.52883555406309
193.48370927318297  30.439830151641672
194.48621553884712  34.706477937847076
195.48872180451127  39.22429523550593
196.49122807017545  44.03072788426792
197.4937343358396  49.033443209223904
198.49624060150376  53.82430235767019
199.4987468671679  57.3816469259107
200.5012531328321  57.895127313421405
201.50375939849624  56.52658828444611
202.5062656641604  54.775005051730204
203.50877192982455  51.81047782155231
204.51127819548873  48.56181460543493
205.51378446115288  44.601659801853124
206.51629072681703  40.23987668948549
207.5187969924812  35.677307847214735
208.52130325814537  30.74296554927153
209.52380952380952  25.77999818728518
210.52631578947367  21.610532231124555
211.52882205513785  19.271832971123434
212.531328320802  19.122527095722383
213.53383458646616  20.479799898128103
214.53634085213034  22.737359660104786
215.5388471177945  25.72707927976572
216.54135338345864  29.264653593989838
217.5438596491228  33.219693000357324
218.54636591478697  37.53628099618971
219.54887218045113  42.0892430970908
220.55137844611528  46.854141816076414
221.55388471177946  51.54716409814375
222.5563909774436  55.57794746348434
223.55889724310777  57.09940185944631
224.56140350877192  56.23137331501924
225.5639097744361  54.61967369005177
226.56641604010025  52.364812985964676
227.5689223057644  49.39963362460502
228.57142857142858  45.76818074045098
229.57393483709274  41.86916223607497
230.5764411027569  37.52570413824752
231.57894736842104  32.79095563131483
232.58145363408522  28.011145632242624
233.58395989974937  23.63350954124317
234.58646616541353  20.637821071877198
235.5889724310777  19.733392330140266
236.59147869674186  20.656835539632645
237.593984962406  22.598119268268782
238.59649122807016  25.17060502030768
239.59899749373434  28.332245822052474
240.6015037593985  31.95621516791233
241.60401002506265  35.982635769213935
242.60651629072683  40.23429521015508
243.60902255639098  44.690004532558284
244.61152882205513  49.4188614071486
245.6140350877193  53.490652130637045
246.61654135338347  56.19692104335757
247.61904761904762  55.86316668395158
248.62155388471177  54.56375940038502
249.62406015037595  52.78335074104152
250.6265664160401  49.870717899856544
251.62907268170426  46.869359585528855
252.6315789473684  43.148511107014
253.6340852130326  39.02181255793552
254.63659147869674  34.67672344728953
255.6390977443609  30.08373329419038
256.64160401002505  25.65589863065783
257.64411027568923  22.169411126283684
258.6466165413534  20.638598439611552
259.64912280701753  20.985873167447274
260.6516290726817  22.436407570738456
261.65413533834584  24.61878354553166
262.65664160401  27.528295771941227
263.6591478696742  30.956917854368044
264.6616541353383  34.67672286727421
265.6641604010025  38.64790491857992
266.6666666666667  42.923567804363174
267.6691729323308  47.338496029013506
268.671679197995  51.80191048110141
269.67418546365917  54.692514356469715
270.6766917293233  55.631750922503926
271.6791979949875  54.34093160435632
272.68170426065166  52.82383775452797
273.6842105263158  50.6740106802997
274.68671679197996  47.7184537186745
275.6892230576441  44.238221942571464
276.69172932330827  40.50689777683764
277.69423558897245  36.35348635726704
278.69674185463657  31.918983398269976
279.69924812030075  27.492412437815194
280.70175438596493  23.794868505967607
281.70426065162906  21.573291235228606
282.70676691729324  21.24930178251307
283.7092731829574  22.333596852034194
284.71177944862154  24.307250333301596
285.7142857142857  26.85554428855611
286.71679197994985  29.895872569816728
287.719298245614  33.36127247299164
288.7218045112782  37.175749239326294
289.72431077694233  41.19764505718332
290.7268170426065  45.54927599744898
291.7293233082707  49.77321840270439
292.7318295739348  53.526829281662096
293.734335839599  54.80198355460511
294.7368421052632  54.34803254514621
295.7393483709273  53.10598915067958
296.7418546365915  51.112277384818306
297.74436090225566  48.42702877801859
298.7468671679198  45.4678199044122
299.74937343358397  41.73946680932319
300.7518796992481  37.873400126491426
301.7543859649123  33.84812633235354
302.75689223057645  29.546965111432424
303.7593984962406  25.4627139767208
304.76190476190476  22.640230979780547
305.76441102756894  21.777927365493404
306.76691729323306  22.494842645458633
307.76942355889724  23.943346016901316
308.7719298245614  26.105500468670552
309.77443609022555  28.92173376887052
310.77694235588973  32.180139563461125
311.7794486215539  35.838572051416065
312.78195488721803  39.68740111123274
313.7844611528822  43.651621006858825
314.78696741854634  47.858623469317486
315.7894736842105  51.571269689638044
316.7919799498747  54.2784759831621
317.7944862155388  54.003094966093244
318.796992481203  52.853368214581685
319.7994987468672  51.618252279831836
320.8020050125313  49.10049980638948
321.8045112781955  46.31513943865262
322.8070175438597  43.141831724958315
323.8095238095238  39.44980797584275
324.812030075188  35.32856177197479
325.81453634085216  31.22128860852055
326.8170426065163  27.379160680795653
327.81954887218046  24.24862079553663
328.8220551378446  22.56832972537755
329.82456140350877  22.64359374870011
330.82706766917295  23.867550833107043
331.8295739348371  25.698918938429856
332.83208020050125  28.221596997102207
333.83458646616543  31.22133214938078
334.83709273182956  34.487621850476216
335.83959899749374  38.182059408156995
336.8421052631579  42.114060061438835
337.84461152882204  46.15720002989511
338.8471177944862  50.023560028637725
339.8496240601504  52.60249454683793
340.8521303258145  53.69590348130788
341.8546365914787  52.63804283019813
342.85714285714283  51.4506801985292
343.859649122807  49.91801937416196
344.8621553884712  47.15128953607542
345.8646616541353  44.05156469064645
346.8671679197995  40.57354136733773
347.8696741854637  37.00203029222275
348.8721804511278  32.97241999099082
349.874686716792  28.844642421331258
350.87719298245617  25.51766001419947
351.8796992481203  23.561487034331908
352.88220551378447  23.21443765791606
353.8847117794486  24.05301331982284
354.8872180451128  25.498173345896156
355.88972431077696  27.54651447640288
356.8922305764411  30.298428780809353
357.89473684210526  33.49686160843388
358.89724310776944  36.95386542524888
359.89974937343356  40.59936793731662
360.90225563909775  44.36646632326105
361.9047619047619  48.36206106886769
362.90726817042605  51.73962436093445
363.90977443609023  52.96628662936634
364.9122807017544  52.61935624872856
365.91478696741854  51.335592871647236
366.9172932330827  49.87140433364703
367.91979949874684  47.854187229585776
368.922305764411  45.29324382353518
369.9248120300752  41.7752981338079
370.9273182957393  38.09609163201408
371.9298245614035  34.37904337650172
372.9323308270677  30.656333109640354
373.9348370927318  27.020616771868713
374.937343358396  24.421516235963093
375.9398496240602  23.59161091918287
376.9423558897243  24.164690801186175
377.9448621553885  25.484664045367317
378.94736842105266  27.290695993873623
379.9498746867168  29.499492055205092
380.95238095238096  32.23576244951763
381.9548872180451  35.58861016299061
382.95739348370927  39.338832501880894
383.95989974937345  43.138981148666865
384.9624060150376  46.64692964116152
385.96491228070175  50.235605876954914
386.96741854636593  52.32470587122372
387.96992481203006  52.31427958108621
388.97243107769424  51.41931630246257
389.9749373433584  50.162804210775754
390.97744360902254  48.051581313753424
391.9799498746867  45.73604151831826
392.9824561403509  43.18992968662509
393.98496240601503  39.759467426098446
394.9874686716792  35.84017711155915
395.98997493734333  31.984098398028344
396.9924812030075  28.496829424328208
397.9949874686717  25.68699639722838
398.9974937343358  24.18262433292131
400.0  24.286336221720216
