0.0  1.2922305285573781e-28
0.2506265664160401  0.18542915180108083
0.5012531328320802  0.7188442279711589
0.7518796992481203  1.530658786904326
1.0025062656641603  2.518868892428956
1.2531328320802004  3.5902306328365885
1.5037593984962405  4.696983529790453
1.7543859649122806  5.831978282573692
2.0050125313283207  6.99116699862739
2.255639097744361  8.153206508081261
2.506265664160401  9.297817017221384
2.756892230576441  10.425784825658685
3.007518796992481  11.550293888736618
3.2581453634085213  12.67520319660089
3.508771929824561  13.789084895212996
3.7593984962406015  14.882635771634584
4.010025062656641  15.96041939005631
4.260651629072682  17.02760662535889
4.511278195488722  18.08276196141514
4.761904761904762  19.12849513597247
5.012531328320802  20.171472131254735
5.2631578947368425  21.2147824096141
5.513784461152882  22.259348135078667
5.764411027568922  23.30397393289061
6.015037593984962  24.344008854158265
6.265664160401003  25.37733762352063
6.516290726817043  26.405915919731648
6.7669172932330826  27.429288442741747
7.017543859649122  28.444345695713444
7.268170426065163  29.450282326026294
7.518796992481203  30.447941936219543
7.769423558897243  31.436571015168578
8.020050125313283  32.41354539262401
8.270676691729323  33.371559752098385
8.521303258145364  34.28828273775748
8.771929824561404  35.11441573442222
9.022556390977444  35.770757757468104
9.273182957393484  36.16551815883572
9.523809523809524  36.23603522992253
9.774436090225564  35.99130442455167
10.025062656641603  35.516066629000264
10.275689223057643  34.92424996482629
10.526315789473685  34.29235495263325
10.776942355889725  33.62916548985086
11.027568922305765  32.91116914551229
11.278195488721805  32.13617276324979
11.528822055137844  31.327115205805605
11.779448621553884  30.497602141636982
12.030075187969924  29.641548438635745
12.280701754385966  28.754616964768356
12.531328320802006  27.843602958755334
12.781954887218046  26.914846358852163
13.032581453634085  25.970652524547486
13.283208020050125  25.016148278473125
13.533834586466165  24.056966173200863
13.784461152882205  23.092278814840473
14.035087719298245  22.117594681696946
14.285714285714286  21.130266500223062
14.536340852130326  20.12920849975419
14.786967418546366  19.114896202987577
15.037593984962406  18.089883204792404
15.288220551378446  17.0558217255665
15.538847117794486  16.012749663426053
15.789473684210526  14.961187374787341
16.040100250626566  13.90188089065724
16.290726817042607  12.837538421719618
16.541353383458645  11.775518354129396
16.791979949874687  10.724609043604119
17.04260651629073  9.696119980807659
17.293233082706767  8.713485540959903
17.54385964912281  7.811248989371433
17.794486215538846  7.023600708252877
18.045112781954888  6.38210184667293
18.295739348370926  5.917875427403215
18.546365914786968  5.6552352495358065
18.796992481203006  5.6008873957692895
19.047619047619047  5.737091887859994
19.29824561403509  6.028202363826804
19.548872180451127  6.439205582382199
19.79949874686717  6.945099054161992
20.050125313283207  7.524171089949865
20.30075187969925  8.1536731748581
20.551378446115287  8.817329681531525
20.80200501253133  9.51148529848502
21.05263157894737  10.236658005004742
21.303258145363408  10.985540591419923
21.55388471177945  11.74792782345195
21.804511278195488  12.523645682415193
22.05513784461153  13.319479365017655
22.305764411027567  14.136078522524242
22.55639097744361  14.966037798129236
22.80701754385965  15.803287654696794
23.05764411027569  16.65024786882029
23.30827067669173  17.513573690214567
23.55889724310777  18.39407426358684
23.80952380952381  19.286423916314433
24.06015037593985  20.18707792649846
24.31077694235589  21.09516101864525
24.56140350877193  22.007236630192278
24.81203007518797  22.91726464327547
25.06265664160401  23.82217147215611
25.31328320802005  24.723817775165184
25.56390977443609  25.62399354394698
25.81453634085213  26.520335060359642
26.06516290726817  27.406903545070243
26.31578947368421  28.27318033165882
26.56641604010025  29.098281376021404
26.817042606516292  29.844337212808252
27.06766917293233  30.459217712353954
27.318295739348372  30.896370556781655
27.56892230576441  31.136066571305
27.81954887218045  31.186032883577987
28.07017543859649  31.071428265664213
28.32080200501253  30.83141338632659
28.571428571428573  30.51289198724723
28.82205513784461  30.154433147558873
29.072681704260653  29.77292464097385
29.32330827067669  29.363503252582113
29.573934837092732  28.91316970197482
29.82456140350877  28.418830418352012
30.075187969924812  27.89443841589475
30.325814536340854  27.359043529964755
30.576441102756892  26.816266048738783
30.827067669172934  26.24951217031811
31.07769423558897  25.640374712536147
31.328320802005013  24.987589605363997
31.57894736842105  24.305032246082202
31.829573934837093  23.603730955341756
32.08020050125313  22.881963023575466
32.330827067669176  22.135959487699452
32.581453634085214  21.371180009690807
32.83208020050125  20.594367452211856
33.08270676691729  19.802088347614138
33.333333333333336  18.986232274782083
33.583959899749374  18.145996334229338
33.83458646616541  17.287978494346785
34.08521303258146  16.419121708759437
34.335839598997495  15.545124833295846
34.58646616541353  14.671811095028852
34.83709273182957  13.80563911070814
35.08771929824562  12.956975750409748
35.338345864661655  12.14228738171968
35.58897243107769  11.382562545632895
35.83959899749373  10.704150355616848
36.090225563909776  10.138485046275896
36.340852130325814  9.714265079294492
36.59147869674185  9.448312030211994
36.8421052631579  9.341499095981556
37.092731829573935  9.380387607335305
37.34335839598997  9.54233430584387
37.59398496240601  9.799347124369257
37.84461152882206  10.121652071654431
38.095238095238095  10.485644398608109
38.34586466165413  10.88222310926704
38.59649122807018  11.314801677118101
38.847117794486216  11.786729890778874
39.097744360902254  12.293302590378849
39.34837092731829  12.824864575387599
39.59899749373434  13.371581878491662
39.849624060150376  13.92807953761846
40.100250626566414  14.497123105336023
40.35087719298246  15.08281749449078
40.6015037593985  15.682108133251354
40.852130325814535  16.290093854288674
41.10275689223057  16.907220183321346
41.35338345864662  17.53571672165762
41.60401002506266  18.175651784100577
41.854636591478695  18.827718952867713
42.10526315789474  19.495881084623708
42.35588972431078  20.183693841108557
42.606516290726816  20.8889476554503
42.857142857142854  21.606395275262802
43.1077694235589  22.3345574006471
43.35839598997494  23.074212964642978
43.609022556390975  23.81996863772811
43.85964912280702  24.5555543037451
44.11027568922306  25.260271233609085
44.3609022556391  25.922825742898638
44.611528822055135  26.544352939527855
44.86215538847118  27.12346948924787
45.11278195488722  27.640022137266165
45.363408521303256  28.05222184857758
45.6140350877193  28.311984837545204
45.86466165413534  28.394355078920462
46.11528822055138  28.31649030397445
46.365914786967416  28.126271956590596
46.61654135338346  27.875777492692666
46.8671679197995  27.602740440407732
47.11779448621554  27.321204820792286
47.36842105263158  27.020105217470316
47.61904761904762  26.678315035499708
47.86967418546366  26.28804543429348
48.1203007518797  25.860731107552812
48.37092731829574  25.412690890989506
48.62155388471178  24.953779356517664
48.87218045112782  24.4879828842671
49.12280701754386  24.01612159829305
49.3734335839599  23.535360369098374
49.62406015037594  23.038531901948577
49.87468671679198  22.518725819574605
50.12531328320802  21.97598386224506
50.37593984962406  21.413548490517783
50.6265664160401  20.82917768085776
50.87719298245614  20.220190375968098
51.12781954887218  19.59365210900148
51.37844611528822  18.96063820645987
51.62907268170426  18.32250684346673
51.8796992481203  17.669609234660605
52.13032581453634  16.992484106905327
52.38095238095238  16.291946665778312
52.63157894736842  15.579983182536031
52.88220551378446  14.873304356172236
53.1328320802005  14.186605253641904
53.38345864661654  13.53238244401968
53.634085213032584  12.929013812174508
53.88471177944862  12.406465545631177
54.13533834586466  11.995698616467841
54.3859649122807  11.711000978316033
54.636591478696744  11.54769024110125
54.88721804511278  11.493974289704532
55.13784461152882  11.538707126648537
55.388471177944865  11.66926005927735
55.6390977443609  11.86880938437778
55.88972431077694  12.121399364964672
56.14035087719298  12.418496419984779
56.390977443609025  12.756667960702636
56.64160401002506  13.13081500916636
56.8922305764411  13.532341976314969
57.142857142857146  13.951867528983954
57.393483709273184  14.382503736426907
57.64411027568922  14.821453817515794
57.89473684210526  15.268049463641841
58.145363408521305  15.721183889160953
58.39598997493734  16.181547206105247
58.64661654135338  16.65418787369027
58.89724310776943  17.143895029535564
59.147869674185465  17.64990791753268
59.3984962406015  18.169434556548325
59.64912280701754  18.703768216233648
59.899749373433586  19.256438101785616
60.150375939849624  19.82639267916834
60.40100250626566  20.40646882898265
60.65162907268171  20.99018684265579
60.902255639097746  21.57805372997385
61.152882205513784  22.173709795609668
61.40350877192982  22.777616441121552
61.65413533834587  23.389022673484863
61.904761904761905  24.005715380326233
62.15538847117794  24.61485794409297
62.40601503759399  25.191151175527118
62.65664160401003  25.709156652807852
62.907268170426065  26.153466940768144
63.1578947368421  26.51479035652048
63.40852130325815  26.780713300958038
63.659147869674186  26.935240465124103
63.909774436090224  26.967695820191587
64.16040100250626  26.88218780398799
64.41102756892231  26.70033540112842
64.66165413533835  26.453982942937284
64.91228070175438  26.172328622439725
65.16290726817043  25.873195445384543
65.41353383458646  25.56308157822293
65.6641604010025  25.242742614080555
65.91478696741855  24.911427247672044
66.16541353383458  24.566141998335006
66.41604010025063  24.201799975930243
66.66666666666667  23.819290133458445
66.9172932330827  23.43268600875545
67.16791979949875  23.05722507262092
67.41854636591479  22.68462121201972
67.66917293233082  22.283443144100584
67.91979949874687  21.83354763397544
68.17042606516291  21.345468733138706
68.42105263157895  20.83834709266749
68.67167919799499  20.318954539847038
68.92230576441102  19.789801800547732
69.17293233082707  19.258706091692694
69.42355889724311  18.73364572635174
69.67418546365914  18.21746524549178
69.92481203007519  17.707428672122706
70.17543859649123  17.195906120892207
70.42606516290726  16.673586981211553
70.67669172932331  16.132663446882557
70.92731829573935  15.568974043069021
71.17794486215539  14.989080495652722
71.42857142857143  14.417240373670511
71.67919799498746  13.888976643470642
71.9298245614035  13.435745174364586
72.18045112781955  13.077827174139744
72.43107769423558  12.82769539195771
72.68170426065163  12.691986014352914
72.93233082706767  12.668855132067932
73.1829573934837  12.747403645815398
73.43358395989975  12.909457551543502
73.6842105263158  13.132217572045615
73.93483709273183  13.395757703708462
74.18546365914787  13.689772401619795
74.43609022556392  14.009080025486337
74.68671679197995  14.34592577166103
74.93734335839599  14.693340706881838
75.18796992481202  15.052914268557963
75.43859649122807  15.430727673899394
75.68922305764411  15.823409793761755
75.93984962406014  16.2121097512438
76.19047619047619  16.575449270068162
76.44110275689223  16.910716031387135
76.69172932330827  17.23676528244463
76.94235588972431  17.573819904424003
77.19298245614036  17.93124407286362
77.44360902255639  18.316170254509196
77.69423558897243  18.735711324025065
77.94486215538848  19.185729690612455
78.19548872180451  19.653239023292688
78.44611528822055  20.132130042240394
78.69674185463658  20.625329370977045
78.94736842105263  21.135530288279615
79.19799498746868  21.66213879046636
79.4486215538847  22.202116571917173
79.69924812030075  22.750340874508094
79.9498746867168  23.30092966343179
80.20050125313283  23.845901465506707
80.45112781954887  24.372818766864864
80.70175438596492  24.868943272472016
80.95238095238095  25.3282307960467
81.203007518797  25.746110232039598
81.45363408521304  26.099059682896947
81.70426065162907  26.335217271243863
81.95488721804512  26.403898976445838
82.20551378446115  26.30249674005035
82.45614035087719  26.08296791009183
82.70676691729324  25.80882324408054
82.95739348370927  25.51913239909317
83.20802005012531  25.23049534762892
83.45864661654136  24.948909005660816
83.70927318295739  24.671376383988278
83.95989974937343  24.38835521798172
84.21052631578948  24.090765757450246
84.46115288220551  23.773841248218453
84.71177944862156  23.439520437110055
84.9624060150376  23.098000040496043
85.21303258145363  22.76117438217478
85.46365914786968  22.433323732813214
85.71428571428571  22.110518340867173
85.96491228070175  21.783379910581704
86.2155388471178  21.43688697959177
86.46616541353383  21.055391478674437
86.71679197994987  20.63344594256882
86.96741854636592  20.17926813688053
87.21804511278195  19.707410314764374
87.468671679198  19.229881649799953
87.71929824561404  18.752772230739932
87.96992481203007  18.27923808345906
88.22055137844612  17.814280652533174
88.47117794486215  17.36378969489476
88.7218045112782  16.92491120676538
88.97243107769424  16.480683976788885
89.22305764411027  16.018212920744677
89.47368421052632  15.553839932888492
89.72431077694236  15.123905700383565
89.97493734335839  14.750041876815182
90.22556390977444  14.429583069835912
90.47619047619048  14.158576693573606
90.72681704260651  13.948693560390511
90.97744360902256  13.818156008491677
91.2280701754386  13.775592751553841
91.47869674185463  13.818168626961162
91.72932330827068  13.937628029592595
91.97994987468671  14.12122227912793
92.23057644110276  14.354388107208095
92.4812030075188  14.627931379569338
92.73182957393483  14.935532871519323
92.98245614035088  15.264457845280791
93.23308270676692  15.597453346008361
93.48370927318295  15.922779922986365
93.734335839599  16.238213712635353
93.98496240601504  16.54812844955067
94.23558897243107  16.857078706505597
94.48621553884712  17.162732799952085
94.73684210526316  17.45574972878789
94.9874686716792  17.7294933091709
95.23809523809524  17.990626054316582
95.48872180451127  18.258650605708883
95.73934837092732  18.55287536400481
95.98997493734336  18.88023187213454
96.2406015037594  19.236559466450803
96.49122807017544  19.615229948191416
96.74185463659148  20.010440964502937
96.99248120300751  20.41582301446571
97.24310776942356  20.824316766203584
97.4937343358396  21.230002636532742
97.74436090225564  21.631833493759807
97.99498746867168  22.035941549252357
98.24561403508773  22.44939371837354
98.49624060150376  22.86864489205564
98.7468671679198  23.2762949204984
98.99749373433583  23.648432075715444
99.24812030075188  23.95974673317232
99.49874686716792  24.18413622988013
99.74937343358395  24.304621813669677
100.0  24.33109647574438
