0.0  2.8560926257921765e-28
0.2506265664160401  0.3679640303627077
0.5012531328320802  1.4225561492267083
0.7518796992481203  3.03244969900489
1.0025062656641603  5.02870317094969
1.2531328320802004  7.2563032486536425
1.5037593984962405  9.604303297130267
1.7543859649122806  12.014667383896247
2.0050125313283207  14.466472382143293
2.255639097744361  16.942245069909013
2.506265664160401  19.41379898987456
2.756892230576441  21.870286884784825
3.007518796992481  24.321359599705193
3.2581453634085213  26.769859126281347
3.508771929824561  29.21425083335892
3.7593984962406015  31.65298628697305
4.010025062656641  34.038189027676275
4.260651629072682  36.11442405847771
4.511278195488722  37.22244795634171
4.761904761904762  36.797982514968126
5.012531328320802  35.24468182965086
5.2631578947368425  33.24569712576517
5.513784461152882  31.030450229631807
5.764411027568922  28.712864821088797
6.015037593984962  26.337856841738116
6.265664160401003  23.928601273301748
6.516290726817043  21.494884919786553
6.7669172932330826  19.039403699028576
7.017543859649122  16.575590012367147
7.268170426065163  14.126621921567015
7.518796992481203  11.711806220697676
7.769423558897243  9.362058531373222
8.020050125313283  7.143558712235889
8.270676691729323  5.158252940243951
8.521303258145364  3.5307275172184927
8.771929824561404  2.3839714342114937
9.022556390977444  1.809707866890219
9.273182957393484  1.8423053431590135
9.523809523809524  2.4519333976648277
9.774436090225564  3.556166697056061
10.025062656641603  5.046673887036142
10.275689223057643  6.8181650892630445
10.526315789473685  8.788388629924043
10.776942355889725  10.90205489750807
11.027568922305765  13.119072091083956
11.278195488721805  15.40290816920037
11.528822055137844  17.726209042218457
11.779448621553884  20.078082189005123
12.030075187969924  22.45355886262373
12.280701754385966  24.842738907077727
12.531328320802006  27.22843823709826
12.781954887218046  29.547376777539643
13.032581453634085  31.607921238147668
13.283208020050125  33.05186404358092
13.533834586466165  33.54563092332472
13.784461152882205  33.16017175148377
14.035087719298245  32.29357217121081
14.285714285714286  31.118089195969702
14.536340852130326  29.632635288579202
14.786967418546366  27.94484922687243
15.037593984962406  26.091112537208417
15.288220551378446  24.10179704322002
15.538847117794486  22.01244415835778
15.789473684210526  19.842904988972336
16.040100250626566  17.629165448680485
16.290726817042607  15.39917279284744
16.541353383458645  13.190491438760489
16.791979949874687  11.063076869653283
17.04260651629073  9.104653203771502
17.293233082706767  7.416331350355286
17.54385964912281  6.095869676848254
17.794486215538846  5.218498980588694
18.045112781954888  4.818717814879248
18.295739348370926  4.886590275980492
18.546365914786968  5.375551878489742
18.796992481203006  6.219294313649026
19.047619047619047  7.351067675121317
19.29824561403509  8.715405599658357
19.548872180451127  10.27060751144758
19.79949874686717  11.982684249774207
20.050125313283207  13.819124619836698
20.30075187969925  15.751660824695675
20.551378446115287  17.76276681475863
20.80200501253133  19.840910237832773
21.05263157894737  21.973533300202487
21.303258145363408  24.121901238913946
21.55388471177945  26.203911604490678
21.804511278195488  28.07238974994152
22.05513784461153  29.43588090724898
22.305764411027567  30.06563614535536
22.55639097744361  30.050431579208364
22.80701754385965  29.653566663104044
23.05764411027569  29.0197338380442
23.30827067669173  28.100021172593234
23.55889724310777  26.93907449189868
23.80952380952381  25.626392506719988
24.06015037593985  24.139120777103756
24.31077694235589  22.500463694766946
24.56140350877193  20.75193025099414
24.81203007518797  18.912624028660428
25.06265664160401  17.035034491351073
25.31328320802005  15.144853529536663
25.56390977443609  13.29960659326464
25.81453634085213  11.573632509981211
26.06516290726817  10.05850254794697
26.31578947368421  8.835780459158785
26.56641604010025  7.970010010115663
26.817042606516292  7.489739841198658
27.06766917293233  7.38789680972056
27.318295739348372  7.627327205156969
27.56892230576441  8.16027349530271
27.81954887218045  8.939366286130383
28.07017543859649  9.927518202083947
28.32080200501253  11.09699168830379
28.571428571428573  12.425872528365046
28.82205513784461  13.8893203884429
29.072681704260653  15.464982172307684
29.32330827067669  17.14067884431446
29.573934837092732  18.89820982255064
29.82456140350877  20.717681739737074
30.075187969924812  22.582896216042197
30.325814536340854  24.38096095043198
30.576441102756892  25.923328369793868
30.827067669172934  27.08206929028343
31.07769423558897  27.688271054013267
31.328320802005013  27.710193263603465
31.57894736842105  27.413993252082363
31.829573934837093  26.987662298349186
32.08020050125313  26.383583014819333
32.330827067669176  25.527794902833563
32.581453634085214  24.488617806022773
32.83208020050125  23.297426901759888
33.08270676691729  21.95739602278032
33.333333333333336  20.53326745244869
33.583959899749374  19.03501294080201
33.83458646616541  17.457447725633667
34.08521303258146  15.852466514605636
34.335839598997495  14.261246084384208
34.58646616541353  12.775341275041354
34.83709273182957  11.482481109972106
35.08771929824562  10.449044295059876
35.338345864661655  9.722751221884277
35.58897243107769  9.310991767547904
35.83959899749373  9.204308616179798
36.090225563909776  9.367293165695939
36.340852130325814  9.770261128440533
36.59147869674185  10.378320306158667
36.8421052631579  11.168886635538332
37.092731829573935  12.12225404522282
37.34335839598997  13.224803089699407
37.59398496240601  14.456921037121973
37.84461152882206  15.800877884866628
38.095238095238095  17.236637204831847
38.34586466165413  18.747474281714315
38.59649122807018  20.338641941616554
38.847117794486216  21.960768492242302
39.097744360902254  23.453317111931472
39.34837092731829  24.716781751045836
39.59899749373434  25.68338011895184
39.849624060150376  26.169103501648237
40.100250626566414  26.1458373052143
40.35087719298246  25.860054988366773
40.6015037593985  25.495939491095182
40.852130325814535  25.031140010414596
41.10275689223057  24.35515854788567
41.35338345864662  23.471990667383423
41.60401002506266  22.44362267178427
41.854636591478695  21.27550626927538
42.10526315789474  20.02550997345496
42.35588972431078  18.74414344635857
42.606516290726816  17.409110762615775
42.857142857142854  16.033277704240504
43.1077694235589  14.677971992071916
43.35839598997494  13.392172678835673
43.609022556390975  12.274938535841802
43.85964912280702  11.393436332298768
44.11027568922306  10.787263055277155
44.3609022556391  10.475949910416485
44.611528822055135  10.429757012678575
44.86215538847118  10.616006523710924
45.11278195488722  10.988934309509025
45.363408521303256  11.521658623156641
45.6140350877193  12.197359949316567
45.86466165413534  13.012467977051537
46.11528822055138  13.9620560321224
46.365914786967416  15.032850959477546
46.61654135338346  16.213056208176308
46.8671679197995  17.495149161841557
47.11779448621554  18.875420924084885
47.36842105263158  20.286663246703082
47.61904761904762  21.633271500012444
47.86967418546366  22.923337398055057
48.1203007518797  24.089489406890216
48.37092731829574  24.83031820098593
48.62155388471178  25.037944839622707
48.87218045112782  24.937239110250452
49.12280701754386  24.729337874253215
49.3734335839599  24.470513908504028
49.62406015037594  24.069601374904735
49.87468671679198  23.405073883281567
50.12531328320802  22.542888606334703
50.37593984962406  21.610525616474106
50.6265664160401  20.628832547135435
50.87719298245614  19.581018486016355
51.12781954887218  18.474852678113926
51.37844611528822  17.295266093073977
51.62907268170426  16.035937282061212
51.8796992481203  14.799574958618793
52.13032581453634  13.6702649702669
52.38095238095238  12.716001595049796
52.63157894736842  12.005906024565908
52.88220551378446  11.552543234853033
53.1328320802005  11.346091585859748
53.38345864661654  11.368840535094144
53.634085213032584  11.566293556467404
53.88471177944862  11.914870076531992
54.13533834586466  12.392393376768004
54.3859649122807  12.999416591311652
54.636591478696744  13.741006347611112
54.88721804511278  14.617090795544799
55.13784461152882  15.621732308296435
55.388471177944865  16.724004372168412
55.6390977443609  17.883819403258187
55.88972431077694  19.0735359339334
56.14035087719298  20.335618973145618
56.390977443609025  21.624157229440286
56.64160401002506  22.718173517123983
56.8922305764411  23.498758769538608
57.142857142857146  24.033430521737664
57.393483709273184  24.30864962909915
57.64411027568922  24.26163939217337
57.89473684210526  23.981120204990525
58.145363408521305  23.586332111902642
58.39598997493734  23.07657988525892
58.64661654135338  22.45913261154563
58.89724310776943  21.78495305895474
59.147869674185465  21.070603308436766
59.3984962406015  20.247087360449434
59.64912280701754  19.22291573476769
59.899749373433586  18.07270752507776
60.150375939849624  16.90595723676345
60.40100250626566  15.77070116825047
60.65162907268171  14.72193940116071
60.902255639097746  13.819059755349565
61.152882205513784  13.075832422996571
61.40350877192982  12.514924062858316
61.65413533834587  12.160400762465772
61.904761904761905  11.984694011285042
62.15538847117794  11.989782352455697
62.40601503759399  12.169738218648362
62.65664160401003  12.51232522839863
62.907268170426065  13.021571142365817
63.1578947368421  13.677938809941455
63.40852130325815  14.452951248968663
63.659147869674186  15.315725137342241
63.909774436090224  16.233954840996685
64.16040100250626  17.226821145229124
64.41102756892231  18.28686013058923
64.66165413533835  19.361340140429625
64.91228070175438  20.415187721532533
65.16290726817043  21.48476466352779
65.41353383458646  22.52532636407339
65.6641604010025  23.339063891784292
65.91478696741855  23.715187286055215
66.16541353383458  23.66948164102567
66.41604010025063  23.448001225371566
66.66666666666667  23.225629736838798
66.9172932330827  23.02078810649668
67.16791979949875  22.722615237859465
67.41854636591479  22.154963974129203
67.66917293233082  21.340341763117614
67.91979949874687  20.450907710514283
68.17042606516291  19.549073552739042
68.42105263157895  18.624222047197087
68.67167919799499  17.66074521692508
68.92230576441102  16.69173696607887
69.17293233082707  15.72008561196636
69.42355889724311  14.761006409347273
69.67418546365914  13.893968364907208
69.92481203007519  13.17083782099652
70.17543859649123  12.631242470243574
70.42606516290726  12.341994140942885
70.67669172932331  12.307564957078077
70.92731829573935  12.48187084867301
71.17794486215539  12.817749527868791
71.42857142857143  13.254006103020462
71.67919799498746  13.748533574753136
71.9298245614035  14.311872576777127
72.18045112781955  14.948245877979598
72.43107769423558  15.675876222980751
72.68170426065163  16.489950748154005
72.93233082706767  17.388981052549827
73.1829573934837  18.390182633878258
73.43358395989975  19.478754556282542
73.6842105263158  20.57525632109142
73.93483709273183  21.537634940503697
74.18546365914787  22.3186869879941
74.43609022556392  23.0110616799282
74.68671679197995  23.554695484924686
74.93734335839599  23.685530756221972
75.18796992481202  23.37317383453425
75.43859649122807  22.909220013404973
75.68922305764411  22.45121265041396
75.93984962406014  21.99873337555153
76.19047619047619  21.45958358873379
76.44110275689223  20.795812918793253
76.69172932330827  20.073141365945176
76.94235588972431  19.293822553007022
77.19298245614036  18.381285720241536
77.44360902255639  17.361531176122575
77.69423558897243  16.365686772022414
77.94486215538848  15.459983832731474
78.19548872180451  14.678978844263549
78.44611528822055  14.045207843406185
78.69674185463658  13.567039546183345
78.94736842105263  13.20159728068303
79.19799498746868  12.945283516153559
79.4486215538847  12.830618783928507
79.69924812030075  12.854835452086782
79.9498746867168  13.036504899215053
80.20050125313283  13.382129140974847
80.45112781954887  13.860813495245319
80.70175438596492  14.457711737723798
80.95238095238095  15.167994290693107
81.203007518797  15.976118921744174
81.45363408521304  16.876690542836606
81.70426065162907  17.828754348466756
81.95488721804512  18.80573746127325
82.20551378446115  19.861494174192845
82.45614035087719  20.950664494929576
82.70676691729324  21.82922364110953
82.95739348370927  22.36105793167214
83.20802005012531  22.66982850793377
83.45864661654136  22.808974962801102
83.70927318295739  22.795858748302766
83.95989974937343  22.675596539268746
84.21052631578948  22.457610933845082
84.46115288220551  22.150331345373523
84.71177944862156  21.680958551409926
84.9624060150376  21.035262651299888
85.21303258145363  20.351647456284155
85.46365914786968  19.702374224213653
85.71428571428571  19.069624203320306
85.96491228070175  18.35349060952709
86.2155388471178  17.471656961789787
86.46616541353383  16.495540108351676
86.71679197994987  15.515076450945333
86.96741854636592  14.59047209612401
87.21804511278195  13.830351063411518
87.468671679198  13.309358581644895
87.71929824561404  13.022052684162489
87.96992481203007  12.94210438809699
88.22055137844612  13.064785202486688
88.47117794486215  13.355036662866354
88.7218045112782  13.748428590817177
88.97243107769424  14.20970198846296
89.22305764411027  14.701916475938411
89.47368421052632  15.202015077215414
89.72431077694236  15.749454620339968
89.97493734335839  16.36533848599873
90.22556390977444  17.066475803094555
90.47619047619048  17.86132684968059
90.72681704260651  18.708372724295337
90.97744360902256  19.588584715079378
91.2280701754386  20.561207877740063
91.47869674185463  21.600164203121363
91.72932330827068  22.46040351041937
91.97994987468671  22.828991787944197
92.23057644110276  22.760662279111763
92.4812030075188  22.570923748409538
92.73182957393483  22.37159784133058
92.98245614035088  22.13458404070591
93.23308270676692  21.82787295984381
93.48370927318295  21.36457801973789
93.734335839599  20.689088832214864
93.98496240601504  19.897992066494144
94.23558897243107  19.11227431727991
94.48621553884712  18.35806989630047
94.73684210526316  17.60981235050969
94.9874686716792  16.903338269703287
95.23809523809524  16.27243324204754
95.48872180451127  15.7026209068258
95.73934837092732  15.120458711099351
95.98997493734336  14.49452452247232
96.2406015037594  13.936214050908523
96.49122807017544  13.520931321393412
96.74185463659148  13.281991368158508
96.99248120300751  13.252449563645934
97.24310776942356  13.412508096180124
97.4937343358396  13.719529270180116
97.74436090225564  14.15216992075152
97.99498746867168  14.704165212268512
98.24561403508773  15.339891407239937
98.49624060150376  16.04691069107568
98.7468671679198  16.835666950847482
98.99749373433583  17.68074752865569
99.24812030075188  18.536579586763505
99.49874686716792  19.318926871587628
99.74937343358395  19.992233575701857
100.0  20.671164619132572
