0.0  2.2425163429132202e-27
1.0025062656641603  3.825007138162227
2.0050125313283207  11.088179190533108
3.007518796992481  18.569920914739704
4.010025062656641  26.104659676161763
5.012531328320802  33.56916645537658
6.015037593984962  40.92851086346169
7.017543859649122  48.30286372480165
8.020050125313283  55.64143352677649
9.022556390977444  62.957967571092716
10.025062656641603  70.20126838721538
11.027568922305765  74.8827481876062
12.030075187969924  71.83104599659251
13.032581453634085  66.21868406630945
14.035087719298245  59.664913449767724
15.037593984962406  52.703506373614395
16.040100250626566  45.55393042800208
17.04260651629073  38.29159698150659
18.045112781954888  30.901654828365018
19.047619047619047  23.46783296305548
20.050125313283207  16.06301282278718
21.05263157894737  9.617937118692161
22.05513784461153  7.047241030719425
23.05764411027569  8.881948874785188
24.06015037593985  13.026369064103118
25.06265664160401  18.42067100328648
26.06516290726817  24.536501662951938
27.06766917293233  31.038228546702992
28.07017543859649  37.798897012161966
29.072681704260653  44.71981379806349
30.075187969924812  51.74434623257031
31.07769423558897  58.77523328012512
32.08020050125313  64.63233251982491
33.08270676691729  65.54487688294317
34.08521303258146  63.80144166940139
35.08771929824562  60.38501487376747
36.090225563909776  55.875892930097535
37.092731829573935  50.608104754823316
38.095238095238095  44.81233303641664
39.097744360902254  38.58023414943902
40.100250626566414  32.03888909253101
41.10275689223057  25.328060178354235
42.10526315789474  19.058603737105948
43.1077694235589  15.260703169316377
44.11027568922306  14.87920449322822
45.11278195488722  16.613329485293562
46.11528822055138  19.71635305474249
47.11779448621554  23.801713970477167
48.1203007518797  28.56910142762939
49.12280701754386  33.857949356502736
50.12531328320802  39.55461421366314
51.12781954887218  45.546886347463314
52.13032581453634  51.718458617760184
53.1328320802005  57.26080034847874
54.13533834586466  59.33533742798157
55.13784461152882  58.97402768609981
56.14035087719298  57.144879748299616
57.142857142857146  54.21463472847651
58.145363408521305  50.4795825400439
59.147869674185465  46.06690751552716
60.150375939849624  41.113853746509534
61.152882205513784  35.69566146697944
62.15538847117794  30.009874758892455
63.1578947368421  24.443148319405744
64.16040100250626  20.608538048972125
65.16290726817043  19.559933815150575
66.16541353383458  20.333469078807934
67.16791979949875  22.33041516104327
68.17042606516291  25.25217909228975
69.17293233082707  28.879378182162146
70.17543859649123  33.087204704144874
71.17794486215539  37.766007029898
72.18045112781955  42.79967920257991
73.1829573934837  48.11495160441858
74.18546365914787  53.078842867019375
75.18796992481202  55.46454047672133
76.19047619047619  55.43132252331962
77.19298245614036  54.35551681481223
78.19548872180451  52.25074959031337
79.19799498746868  49.41671194896418
80.20050125313283  45.84626038362249
81.203007518797  41.7830434899583
82.20551378446115  37.17829715474627
83.20802005012531  32.29339913552012
84.21052631578948  27.372028104690497
85.21303258145363  23.73490995081182
86.2155388471178  22.504865792435908
87.21804511278195  22.882753182499304
88.22055137844612  24.329922438106617
89.22305764411027  26.648533603290204
90.22556390977444  29.56714386236372
91.2280701754386  33.06106453488047
92.23057644110276  37.044022223498935
93.23308270676692  41.404377353791915
94.23558897243107  46.04882191615644
95.23809523809524  50.581700290253046
96.2406015037594  53.13938621586907
97.24310776942356  53.15736555897157
98.24561403508773  52.534652652384665
99.24812030075188  50.7962034422273
100.25062656641605  48.48429225150724
101.2531328320802  45.45036502565294
102.25563909774436  42.015205074447685
103.25814536340852  37.998336372643124
104.26065162907268  33.69398851419302
105.26315789473684  29.362881739958706
106.265664160401  25.83963494696437
107.26817042606517  24.476760328572198
108.27067669172932  24.65435287364461
109.27318295739349  25.757247356939462
110.27568922305764  27.69137620163042
111.2781954887218  30.216372795896174
112.28070175438596  33.15088166731367
113.28320802005013  36.64399536046903
114.28571428571429  40.53838511775548
115.28822055137844  44.6810740617287
116.29072681704261  48.71429219284293
117.29323308270676  51.20259684940917
118.29573934837093  51.57875108480752
119.29824561403508  51.06044338335643
120.30075187969925  49.681951854700394
121.30325814536342  47.56928502197242
122.30576441102757  45.144948058551954
123.30827067669173  41.99050149138
124.31077694235589  38.504189366414245
125.31328320802005  34.64905810702536
126.3157894736842  30.64562672443119
127.31829573934837  27.50370852641502
128.32080200501252  26.02386173034269
129.3233082706767  25.994644194843147
130.32581453634086  26.95648121306305
131.328320802005  28.603623216045108
132.33082706766916  30.739170318299585
133.33333333333334  33.43935390980792
134.3358395989975  36.57144636909942
135.33834586466165  40.02546377675131
136.34085213032583  43.75076939993022
137.34335839598998  47.44040122640174
138.34586466165413  49.92167966438589
139.34837092731829  50.42094897859147
140.35087719298247  49.85142901212629
141.35338345864662  48.78483768173029
142.35588972431077  46.99521906999507
143.35839598997492  44.70833341664221
144.3609022556391  41.8802559963229
145.36340852130326  38.67348328974089
146.3659147869674  35.29572961372548
147.3684210526316  31.614347592791162
148.37092731829574  28.476923981562734
149.3734335839599  27.108544247822643
150.37593984962405  27.030987592047502
151.37844611528823  27.694322260237474
152.38095238095238  29.212379603363615
153.38345864661653  31.281883539885392
154.3859649122807  33.68054666573445
155.38847117794487  36.41880375105486
156.39097744360902  39.60858218215162
157.39348370927317  43.066058976638864
158.39598997493735  46.51837375458801
159.3984962406015  48.907862947241355
160.40100250626566  49.576840251529674
161.40350877192984  49.0671084721993
162.406015037594  48.10926462477656
163.40852130325814  46.42879667939869
164.4110275689223  44.44568394009017
165.41353383458647  41.91558585251925
166.41604010025063  38.940684365413375
167.41854636591478  35.84833206784404
168.42105263157896  32.337930411745695
169.4235588972431  29.298788759179367
170.42606516290726  27.963997458887484
171.42857142857142  27.94479352389262
172.4310776942356  28.501586010254414
173.43358395989975  29.718982405902963
174.4360902255639  31.51660208822692
175.43859649122808  33.73820389402096
176.44110275689223  36.29610429967274
177.4436090225564  39.41067641874806
178.44611528822054  42.659828039326705
179.44862155388472  45.63144083111492
180.45112781954887  48.15113434168821
181.45363408521303  48.656185598847244
182.4561403508772  48.455852357103915
183.45864661654136  47.53767263025574
184.4611528822055  46.12209820021176
185.46365914786966  44.19954701504816
186.46616541353384  41.74768402075845
187.468671679198  39.21250817731618
188.47117794486215  36.339261437605174
189.47368421052633  32.932936429237884
190.47619047619048  30.07932492585063
191.47869674185463  28.55125105339096
192.4812030075188  28.492012102780926
193.48370927318297  29.062219596512826
194.48621553884712  30.31880952230034
195.48872180451127  31.90549417532349
196.49122807017545  33.70373322998809
197.4937343358396  36.153852708788975
198.49624060150376  39.06676116880718
199.4987468671679  42.05049238579912
200.5012531328321  45.029550013851555
201.50375939849624  47.26041605639621
202.5062656641604  48.128275881988884
203.50877192982455  47.678516785541724
204.51127819548873  47.179349957448025
205.51378446115288  45.77622157868004
206.51629072681703  43.76653963598521
207.5187969924812  41.72004217539459
208.52130325814537  39.52609963587374
209.52380952380952  36.5812354625222
210.52631578947367  33.652106001162025
211.52882205513785  30.92850088773871
212.531328320802  29.281652620515864
213.53383458646616  29.099284784192626
214.53634085213034  29.86784715164658
215.5388471177945  30.84707658183555
216.54135338345864  32.04073937230339
217.5438596491228  33.994242916256084
218.54636591478697  36.38761994002449
219.54887218045113  38.95323903424106
220.55137844611528  41.71000889120736
221.55388471177946  44.38607927886761
222.5563909774436  46.79540617380541
223.55889724310777  47.45450074085604
224.56140350877192  47.32099260636552
225.5639097744361  46.608952282003884
226.56641604010025  45.014354566054195
227.5689223057644  43.51017305879542
228.57142857142858  41.58070306061482
229.57393483709274  39.14297804050407
230.5764411027569  36.632994095737445
231.57894736842104  33.73924243920218
232.58145363408522  31.11357792064596
233.58395989974937  29.690056665727752
234.58646616541353  29.888336259111824
235.5889724310777  30.322403788362777
236.59147869674186  30.99325023443918
237.593984962406  32.56932609243593
238.59649122807016  34.451062282901276
239.59899749373434  36.6217934348617
240.6015037593985  38.98128810433225
241.60401002506265  41.43103062551102
242.60651629072683  44.338463379389594
243.60902255639098  46.620214739723686
244.61152882205513  47.781057079467224
245.6140350877193  46.99068502231704
246.61654135338347  46.235713595508365
247.61904761904762  45.200000524674174
248.62155388471177  43.51474678358571
249.62406015037595  41.462413097702346
250.6265664160401  39.09091634516646
251.62907268170426  36.34014043521086
252.6315789473684  33.67882836466446
253.6340852130326  31.47838362000391
254.63659147869674  29.956981175654015
255.6390977443609  29.31002001423012
256.64160401002505  29.948876395425366
257.64411027568923  31.028132004562107
258.6466165413534  32.48435760762825
259.64912280701753  34.1880471399188
260.6516290726817  36.10078888207511
261.65413533834584  38.46532751847544
262.65664160401  41.395551986310736
263.6591478696742  44.1396375650135
264.6616541353383  46.354964720513166
265.6641604010025  47.1252436274169
266.6666666666667  47.20821999119379
267.6691729323308  46.791230084519526
268.671679197995  45.5352757578638
269.67418546365917  43.88417224772342
270.6766917293233  41.77928524483061
271.6791979949875  39.566548828670186
272.68170426065166  37.23090849529006
273.6842105263158  34.597775390979145
274.68671679197996  31.804657059680316
275.6892230576441  30.258296414013056
276.69172932330827  30.079601737414823
277.69423558897245  30.50709010962658
278.69674185463657  31.081407188540148
279.69924812030075  32.10406386240326
280.70175438596493  33.63376405203999
281.70426065162906  35.76357176471025
282.70676691729324  38.064757843986705
283.7092731829574  40.52365084595278
284.71177944862154  43.071537289966095
285.7142857142857  45.77717487705079
286.71679197994985  47.18298387871936
287.719298245614  46.66828491366252
288.7218045112782  45.96681084309319
289.72431077694233  44.93255687049759
290.7268170426065  43.54182863500314
291.7293233082707  42.10957088914601
292.7318295739348  39.979797837817614
293.734335839599  37.45908858090008
294.7368421052632  35.2234466201348
295.7393483709273  32.99789126559494
296.7418546365915  31.22005650933621
297.74436090225566  30.327419586860646
298.7468671679198  30.54571375196742
299.74937343358397  31.258723768079715
300.7518796992481  32.454754910550164
301.7543859649123  33.898137696470265
302.75689223057645  35.59714891970843
303.7593984962406  37.89151695524882
304.76190476190476  40.73693398721684
305.76441102756894  43.257319616649
306.76691729323306  44.86174794927346
307.76942355889724  46.153859333217454
308.7719298245614  45.944399403984775
309.77443609022555  45.384716959319604
310.77694235588973  44.8752344384311
311.7794486215539  43.48069061727848
312.78195488721803  41.99297738107674
313.7844611528822  40.30376405674556
314.78696741854634  38.39892772889205
315.7894736842105  35.55376663308293
316.7919799498747  32.80910556273933
317.7944862155388  31.20344238792377
318.796992481203  30.567728509788793
319.7994987468672  30.88233580896441
320.8020050125313  31.61935276761745
321.8045112781955  32.76692745027374
322.8070175438597  34.67627256301735
323.8095238095238  36.372926651278405
324.812030075188  37.80208276828761
325.81453634085216  39.68009825646473
326.8170426065163  42.09158601731024
327.81954887218046  44.41921512633324
328.8220551378446  45.69809419458582
329.82456140350877  45.984980468072116
330.82706766917295  45.29528088831376
331.8295739348371  44.72972493428136
332.83208020050125  43.78681419207686
333.83458646616543  41.98744041630743
334.83709273182956  39.595142398538286
335.83959899749374  37.675579312997584
336.8421052631579  35.54255256948927
337.84461152882204  33.260750717904976
338.8471177944862  31.671306632748802
339.8496240601504  31.17780882488009
340.8521303258145  31.759179023867077
341.8546365914787  32.333018470718905
342.85714285714283  32.93832124410089
343.859649122807  33.92625888787593
344.8621553884712  35.527436848544546
345.8646616541353  37.76140761745436
346.8671679197995  40.145079640816775
347.8696741854637  42.28598659071631
348.8721804511278  44.52133449332219
349.874686716792  45.919299505616344
350.87719298245617  46.127409650949176
351.8796992481203  45.23402752887749
352.88220551378447  43.9195185457658
353.8847117794486  42.808686028886626
354.8872180451128  41.7924710428397
355.88972431077696  40.21692614366755
356.8922305764411  38.26779785521393
357.89473684210526  36.180810011941
358.89724310776944  34.00752388831187
359.89974937343356  31.899287153280948
360.90225563909775  30.836256340133612
361.9047619047619  30.775922750191253
362.90726817042605  31.53995831148641
363.90977443609023  33.191855859258766
364.9122807017544  34.71320795360084
365.91478696741854  35.97116438601067
366.9172932330827  37.86086282843108
367.91979949874684  40.030188206574415
368.922305764411  41.86259599978892
369.9248120300752  43.67645404556673
370.9273182957393  44.97866450050238
371.9298245614035  45.44269692429361
372.9323308270677  45.45678102457101
373.9348370927318  45.31320540728696
374.937343358396  43.67922605181509
375.9398496240602  41.933348826846554
376.9423558897243  40.215081477992
377.9448621553885  38.09958220442963
378.94736842105266  35.72714314456343
379.9498746867168  33.766392629273824
380.95238095238096  32.42676081553382
381.9548872180451  31.9418155131117
382.95739348370927  31.85896769540042
383.95989974937345  31.96547337012608
384.9624060150376  32.496165723517
385.96491228070175  33.67048297537226
386.96741854636593  35.07070598890956
387.96992481203006  36.87824407892505
388.97243107769424  39.250492013936345
389.9749373433584  41.80329317751192
390.97744360902254  43.88671060358739
391.9799498746867  45.33203690435048
392.9824561403509  44.711406898571106
393.98496240601503  44.23055508876946
394.9874686716792  44.1864186057807
395.98997493734333  43.38124466994075
396.9924812030075  42.183866957429416
397.9949874686717  40.90880013918266
398.9974937343358  39.62074497564525
400.0  37.34453306574389
